2016preVFP,0,0,15
2016preVFP,0,15,15
2016preVFP,0,30,15
2016preVFP,0,45,15
2016preVFP,0,60,8
2016preVFP,1,0,1
2016preVFP,2,0,1
2016preVFP,3,0,1
2016preVFP,4,0,1
2016preVFP,5,0,1
2016preVFP,6,0,1
2016preVFP,7,0,1
2016preVFP,8,0,1
2016preVFP,9,0,1
2016preVFP,10,0,1
2016preVFP,11,0,4
2016preVFP,12,0,7
2016preVFP,13,0,12
2016preVFP,14,0,2
2016preVFP,15,0,2
2016preVFP,16,0,15
2016preVFP,16,15,15
2016preVFP,16,30,13
2016preVFP,17,0,15
2016preVFP,17,15,15
2016preVFP,17,30,15
2016preVFP,17,45,15
2016preVFP,17,60,15
2016preVFP,17,75,15
2016preVFP,18,0,1
2016preVFP,19,0,1
2016preVFP,20,0,1
2016preVFP,21,0,1
2016preVFP,22,0,15
2016preVFP,22,15,15
2016preVFP,22,30,1
2016preVFP,23,0,6
2016preVFP,24,0,3
2016preVFP,25,0,10
2016preVFP,26,0,7
2016preVFP,27,0,11
2016preVFP,28,0,11
2016preVFP,29,0,15
2016preVFP,29,15,14
2016preVFP,30,0,15
2016preVFP,30,15,15
2016preVFP,30,30,15
2016preVFP,30,45,15
2016preVFP,30,60,15
2016preVFP,30,75,2
2016preVFP,31,0,15
2016preVFP,31,15,15
2016preVFP,31,30,3
2016preVFP,32,0,15
2016preVFP,32,15,15
2016preVFP,32,30,15
2016preVFP,32,45,9
2016preVFP,33,0,15
2016preVFP,33,15,15
2016preVFP,33,30,15
2016preVFP,33,45,4
2016preVFP,34,0,15
2016preVFP,34,15,15
2016preVFP,35,0,15
2016preVFP,35,15,15
2016preVFP,35,30,15
2016preVFP,35,45,15
2016preVFP,35,60,15
2016preVFP,35,75,15
2016preVFP,35,90,15
2016preVFP,35,105,15
2016preVFP,35,120,5
2016preVFP,36,0,15
2016preVFP,36,15,15
2016preVFP,36,30,15
2016preVFP,36,45,10
2016preVFP,37,0,15
2016preVFP,37,15,15
2016preVFP,37,30,15
2016preVFP,37,45,15
2016preVFP,37,60,15
2016preVFP,37,75,14
2016preVFP,38,0,15
2016preVFP,38,15,15
2016preVFP,38,30,15
2016preVFP,38,45,15
2016preVFP,38,60,15
2016preVFP,38,75,9
2016preVFP,39,0,15
2016preVFP,39,15,15
2016preVFP,39,30,15
2016preVFP,39,45,9
2016preVFP,40,0,8
2016preVFP,41,0,1
2016preVFP,42,0,1
2016preVFP,43,0,1
2016preVFP,44,0,1
2016preVFP,45,0,6
2016preVFP,46,0,3
2016preVFP,47,0,1
2016preVFP,48,0,4
2016preVFP,49,0,1
2016preVFP,50,0,1
2016preVFP,51,0,1
2016preVFP,52,0,1
2016preVFP,53,0,1
2016preVFP,54,0,1
2016preVFP,55,0,1
2016preVFP,56,0,1
2016preVFP,57,0,1
2016preVFP,58,0,1
2016preVFP,59,0,1
2016preVFP,60,0,9
2016preVFP,61,0,9
2016postVFP,0,0,15
2016postVFP,0,15,15
2016postVFP,0,30,15
2016postVFP,0,45,14
2016postVFP,1,0,1
2016postVFP,2,0,1
2016postVFP,3,0,1
2016postVFP,4,0,1
2016postVFP,5,0,1
2016postVFP,6,0,1
2016postVFP,7,0,1
2016postVFP,8,0,1
2016postVFP,9,0,1
2016postVFP,10,0,1
2016postVFP,11,0,4
2016postVFP,12,0,7
2016postVFP,13,0,14
2016postVFP,14,0,2
2016postVFP,15,0,2
2016postVFP,16,0,15
2016postVFP,16,15,15
2016postVFP,16,30,15
2016postVFP,16,45,6
2016postVFP,17,0,15
2016postVFP,17,15,15
2016postVFP,17,30,15
2016postVFP,17,45,15
2016postVFP,17,60,15
2016postVFP,17,75,15
2016postVFP,17,90,11
2016postVFP,18,0,1
2016postVFP,19,0,3
2016postVFP,20,0,2
2016postVFP,21,0,2
2016postVFP,22,0,15
2016postVFP,22,15,15
2016postVFP,22,30,15
2016postVFP,22,45,15
2016postVFP,22,60,8
2016postVFP,23,0,6
2016postVFP,24,0,3
2016postVFP,25,0,9
2016postVFP,26,0,8
2016postVFP,27,0,11
2016postVFP,28,0,10
2016postVFP,29,0,15
2016postVFP,29,15,15
2016postVFP,30,0,6
2016postVFP,31,0,15
2016postVFP,31,15,15
2016postVFP,31,30,15
2016postVFP,31,45,15
2016postVFP,31,60,15
2016postVFP,31,75,14
2016postVFP,32,0,15
2016postVFP,32,15,15
2016postVFP,32,30,15
2016postVFP,32,45,15
2016postVFP,32,60,15
2016postVFP,32,75,15
2016postVFP,32,90,8
2016postVFP,33,0,9
2016postVFP,34,0,15
2016postVFP,34,15,15
2016postVFP,34,30,15
2016postVFP,34,45,15
2016postVFP,34,60,15
2016postVFP,34,75,15
2016postVFP,34,90,15
2016postVFP,34,105,15
2016postVFP,34,120,15
2016postVFP,34,135,15
2016postVFP,34,150,11
2016postVFP,35,0,15
2016postVFP,35,15,15
2016postVFP,35,30,15
2016postVFP,35,45,15
2016postVFP,35,60,15
2016postVFP,35,75,15
2016postVFP,35,90,15
2016postVFP,35,105,15
2016postVFP,35,120,15
2016postVFP,35,135,15
2016postVFP,35,150,15
2016postVFP,35,165,15
2016postVFP,35,180,7
2016postVFP,36,0,8
2016postVFP,37,0,1
2016postVFP,38,0,1
2016postVFP,39,0,1
2016postVFP,40,0,1
2016postVFP,41,0,6
2016postVFP,42,0,3
2016postVFP,43,0,1
2016postVFP,44,0,5
2016postVFP,45,0,1
2016postVFP,46,0,1
2016postVFP,47,0,1
2016postVFP,48,0,1
2016postVFP,49,0,1
2016postVFP,50,0,1
2016postVFP,51,0,1
2016postVFP,52,0,1
2016postVFP,53,0,1
2016postVFP,54,0,1
2016postVFP,55,0,1
2016postVFP,56,0,9
2016postVFP,57,0,8
2017,0,0,15
2017,0,15,15
2017,0,30,15
2017,0,45,15
2017,0,60,15
2017,0,75,15
2017,0,90,15
2017,0,105,15
2017,0,120,1
2017,1,0,1
2017,2,0,1
2017,3,0,1
2017,4,0,1
2017,5,0,1
2017,6,0,1
2017,7,0,1
2017,8,0,1
2017,9,0,1
2017,10,0,1
2017,11,0,7
2017,12,0,14
2017,13,0,15
2017,13,15,9
2017,14,0,3
2017,15,0,3
2017,16,0,15
2017,16,15,15
2017,16,30,15
2017,16,45,15
2017,16,60,15
2017,16,75,15
2017,16,90,15
2017,16,105,8
2017,17,0,15
2017,17,15,15
2017,17,30,15
2017,17,45,15
2017,17,60,15
2017,17,75,15
2017,17,90,15
2017,17,105,15
2017,17,120,15
2017,17,135,15
2017,17,150,15
2017,17,165,15
2017,17,180,15
2017,17,195,15
2017,17,210,2
2017,18,0,1
2017,19,0,6
2017,20,0,4
2017,21,0,3
2017,22,0,15
2017,22,15,15
2017,22,30,15
2017,22,45,3
2017,23,0,5
2017,24,0,6
2017,25,0,15
2017,25,15,2
2017,26,0,7
2017,27,0,15
2017,27,15,9
2017,28,0,15
2017,28,15,4
2017,29,0,15
2017,29,15,15
2017,29,30,15
2017,29,45,2
2017,30,0,15
2017,30,15,15
2017,30,30,5
2017,31,0,15
2017,31,15,15
2017,31,30,15
2017,31,45,15
2017,31,60,15
2017,31,75,6
2017,32,0,15
2017,32,15,15
2017,32,30,4
2017,33,0,15
2017,33,15,15
2017,33,30,15
2017,33,45,15
2017,33,60,9
2017,34,0,15
2017,34,15,15
2017,34,30,15
2017,34,45,15
2017,34,60,15
2017,34,75,11
2017,35,0,15
2017,35,15,15
2017,35,30,15
2017,35,45,15
2017,35,60,3
2017,36,0,15
2017,36,15,15
2017,36,30,15
2017,36,45,15
2017,36,60,15
2017,36,75,15
2017,36,90,15
2017,36,105,15
2017,36,120,15
2017,36,135,15
2017,36,150,15
2017,36,165,9
2017,37,0,15
2017,37,15,15
2017,37,30,15
2017,37,45,15
2017,37,60,14
2017,38,0,15
2017,38,15,15
2017,38,30,15
2017,38,45,15
2017,38,60,15
2017,38,75,15
2017,38,90,15
2017,38,105,15
2017,38,120,15
2017,38,135,15
2017,38,150,9
2017,39,0,15
2017,39,15,15
2017,39,30,15
2017,39,45,15
2017,39,60,15
2017,39,75,15
2017,39,90,15
2017,39,105,15
2017,39,120,15
2017,39,135,15
2017,39,150,15
2017,39,165,15
2017,39,180,15
2017,39,195,15
2017,39,210,15
2017,39,225,2
2017,40,0,13
2017,41,0,2
2017,42,0,4
2017,43,0,1
2017,44,0,2
2017,45,0,11
2017,46,0,5
2017,47,0,2
2017,48,0,9
2017,49,0,1
2017,50,0,1
2017,51,0,1
2017,52,0,1
2017,53,0,1
2017,54,0,1
2017,55,0,1
2017,56,0,1
2017,57,0,1
2017,58,0,1
2017,59,0,1
2017,60,0,15
2017,60,15,1
2017,61,0,15
2017,61,15,1
2018,0,0,15
2018,0,15,15
2018,0,30,15
2018,0,45,15
2018,0,60,5
2018,1,0,1
2018,2,0,1
2018,3,0,1
2018,4,0,1
2018,5,0,1
2018,6,0,1
2018,7,0,1
2018,8,0,1
2018,9,0,1
2018,10,0,11
2018,11,0,15
2018,11,15,6
2018,12,0,15
2018,12,15,15
2018,12,30,6
2018,13,0,4
2018,14,0,4
2018,15,0,15
2018,15,15,15
2018,15,30,15
2018,15,45,15
2018,15,60,15
2018,15,75,15
2018,15,90,15
2018,15,105,15
2018,15,120,15
2018,15,135,15
2018,15,150,13
2018,16,0,15
2018,16,15,15
2018,16,30,15
2018,16,45,15
2018,16,60,15
2018,16,75,15
2018,16,90,15
2018,16,105,15
2018,16,120,15
2018,16,135,15
2018,16,150,15
2018,16,165,15
2018,16,180,15
2018,16,195,15
2018,16,210,15
2018,16,225,15
2018,16,240,15
2018,16,255,15
2018,16,270,15
2018,16,285,15
2018,16,300,15
2018,16,315,2
2018,17,0,1
2018,18,0,1
2018,19,0,1
2018,20,0,1
2018,21,0,11
2018,22,0,6
2018,23,0,10
2018,24,0,15
2018,24,15,3
2018,25,0,7
2018,26,0,15
2018,26,15,15
2018,26,30,6
2018,27,0,15
2018,27,15,5
2018,28,0,15
2018,28,15,15
2018,28,30,15
2018,28,45,7
2018,29,0,15
2018,29,15,15
2018,29,30,15
2018,29,45,15
2018,29,60,15
2018,29,75,15
2018,29,90,15
2018,29,105,15
2018,29,120,15
2018,29,135,7
2018,30,0,15
2018,30,15,15
2018,30,30,15
2018,30,45,15
2018,30,60,14
2018,31,0,15
2018,31,15,15
2018,31,30,15
2018,31,45,15
2018,31,60,9
2018,32,0,15
2018,32,15,15
2018,32,30,15
2018,32,45,15
2018,32,60,15
2018,32,75,15
2018,32,90,15
2018,32,105,15
2018,32,120,15
2018,32,135,15
2018,32,150,15
2018,32,165,15
2018,32,180,15
2018,32,195,15
2018,32,210,15
2018,32,225,15
2018,32,240,15
2018,32,255,15
2018,32,270,15
2018,32,285,15
2018,32,300,15
2018,32,315,4
2018,33,0,15
2018,33,15,15
2018,33,30,15
2018,33,45,15
2018,33,60,15
2018,33,75,15
2018,33,90,15
2018,33,105,15
2018,33,120,15
2018,33,135,15
2018,33,150,15
2018,33,165,15
2018,33,180,15
2018,33,195,15
2018,33,210,15
2018,33,225,15
2018,33,240,15
2018,33,255,15
2018,33,270,12
2018,34,0,15
2018,34,15,15
2018,34,30,15
2018,34,45,15
2018,34,60,15
2018,34,75,15
2018,34,90,15
2018,34,105,15
2018,34,120,15
2018,34,135,13
2018,35,0,15
2018,35,15,15
2018,35,30,15
2018,35,45,15
2018,35,60,15
2018,35,75,15
2018,35,90,15
2018,35,105,15
2018,35,120,15
2018,35,135,1
2018,36,0,15
2018,36,15,15
2018,36,30,15
2018,36,45,15
2018,36,60,15
2018,36,75,15
2018,36,90,15
2018,36,105,15
2018,36,120,15
2018,36,135,15
2018,36,150,15
2018,36,165,15
2018,36,180,15
2018,36,195,15
2018,36,210,15
2018,36,225,15
2018,36,240,15
2018,36,255,15
2018,36,270,15
2018,36,285,15
2018,36,300,15
2018,36,315,15
2018,36,330,15
2018,36,345,15
2018,36,360,15
2018,36,375,15
2018,36,390,15
2018,36,405,15
2018,36,420,15
2018,36,435,15
2018,36,450,15
2018,36,465,15
2018,36,480,15
2018,36,495,15
2018,36,510,15
2018,36,525,15
2018,36,540,15
2018,36,555,15
2018,36,570,15
2018,36,585,15
2018,36,600,15
2018,36,615,15
2018,36,630,4
2018,37,0,14
2018,38,0,2
2018,39,0,4
2018,40,0,1
2018,41,0,2
2018,42,0,12
2018,43,0,6
2018,44,0,2
2018,45,0,13
2018,46,0,1
2018,47,0,1
2018,48,0,1
2018,49,0,1
2018,50,0,1
2018,51,0,1
2018,52,0,1
2018,53,0,1
2018,54,0,1
2018,55,0,1
2018,56,0,15
2018,56,15,2
2018,57,0,15
2018,57,15,3
