2016preVFP,0,0
2016preVFP,0,1
2016preVFP,0,2
2016preVFP,0,3
2016preVFP,0,4
2016preVFP,0,5
2016preVFP,0,6
2016preVFP,0,7
2016preVFP,0,8
2016preVFP,0,9
2016preVFP,0,10
2016preVFP,0,11
2016preVFP,0,12
2016preVFP,0,13
2016preVFP,0,14
2016preVFP,0,15
2016preVFP,0,16
2016preVFP,0,17
2016preVFP,0,18
2016preVFP,0,19
2016preVFP,0,20
2016preVFP,0,21
2016preVFP,0,22
2016preVFP,0,23
2016preVFP,0,24
2016preVFP,0,25
2016preVFP,0,26
2016preVFP,0,27
2016preVFP,0,28
2016preVFP,0,29
2016preVFP,0,30
2016preVFP,0,31
2016preVFP,0,32
2016preVFP,0,33
2016preVFP,0,34
2016preVFP,0,35
2016preVFP,0,36
2016preVFP,0,37
2016preVFP,0,38
2016preVFP,0,39
2016preVFP,0,40
2016preVFP,0,41
2016preVFP,0,42
2016preVFP,0,43
2016preVFP,0,44
2016preVFP,0,45
2016preVFP,0,46
2016preVFP,0,47
2016preVFP,0,48
2016preVFP,0,49
2016preVFP,0,50
2016preVFP,0,51
2016preVFP,0,52
2016preVFP,0,53
2016preVFP,0,54
2016preVFP,0,55
2016preVFP,0,56
2016preVFP,0,57
2016preVFP,0,58
2016preVFP,0,59
2016preVFP,0,60
2016preVFP,0,61
2016preVFP,0,62
2016preVFP,0,63
2016preVFP,0,64
2016preVFP,0,65
2016preVFP,0,66
2016preVFP,0,67
2016preVFP,1,0
2016preVFP,2,0
2016preVFP,3,0
2016preVFP,4,0
2016preVFP,5,0
2016preVFP,6,0
2016preVFP,7,0
2016preVFP,8,0
2016preVFP,9,0
2016preVFP,10,0
2016preVFP,11,0
2016preVFP,11,1
2016preVFP,11,2
2016preVFP,11,3
2016preVFP,12,0
2016preVFP,12,1
2016preVFP,12,2
2016preVFP,12,3
2016preVFP,12,4
2016preVFP,12,5
2016preVFP,12,6
2016preVFP,13,0
2016preVFP,13,1
2016preVFP,13,2
2016preVFP,13,3
2016preVFP,13,4
2016preVFP,13,5
2016preVFP,13,6
2016preVFP,13,7
2016preVFP,13,8
2016preVFP,13,9
2016preVFP,13,10
2016preVFP,13,11
2016preVFP,14,0
2016preVFP,14,1
2016preVFP,15,0
2016preVFP,15,1
2016preVFP,16,0
2016preVFP,16,1
2016preVFP,16,2
2016preVFP,16,3
2016preVFP,16,4
2016preVFP,16,5
2016preVFP,16,6
2016preVFP,16,7
2016preVFP,16,8
2016preVFP,16,9
2016preVFP,16,10
2016preVFP,16,11
2016preVFP,16,12
2016preVFP,16,13
2016preVFP,16,14
2016preVFP,16,15
2016preVFP,16,16
2016preVFP,16,17
2016preVFP,16,18
2016preVFP,16,19
2016preVFP,16,20
2016preVFP,16,21
2016preVFP,16,22
2016preVFP,16,23
2016preVFP,16,24
2016preVFP,16,25
2016preVFP,16,26
2016preVFP,16,27
2016preVFP,16,28
2016preVFP,16,29
2016preVFP,16,30
2016preVFP,16,31
2016preVFP,16,32
2016preVFP,16,33
2016preVFP,16,34
2016preVFP,16,35
2016preVFP,16,36
2016preVFP,16,37
2016preVFP,16,38
2016preVFP,16,39
2016preVFP,16,40
2016preVFP,16,41
2016preVFP,16,42
2016preVFP,17,0
2016preVFP,17,1
2016preVFP,17,2
2016preVFP,17,3
2016preVFP,17,4
2016preVFP,17,5
2016preVFP,17,6
2016preVFP,17,7
2016preVFP,17,8
2016preVFP,17,9
2016preVFP,17,10
2016preVFP,17,11
2016preVFP,17,12
2016preVFP,17,13
2016preVFP,17,14
2016preVFP,17,15
2016preVFP,17,16
2016preVFP,17,17
2016preVFP,17,18
2016preVFP,17,19
2016preVFP,17,20
2016preVFP,17,21
2016preVFP,17,22
2016preVFP,17,23
2016preVFP,17,24
2016preVFP,17,25
2016preVFP,17,26
2016preVFP,17,27
2016preVFP,17,28
2016preVFP,17,29
2016preVFP,17,30
2016preVFP,17,31
2016preVFP,17,32
2016preVFP,17,33
2016preVFP,17,34
2016preVFP,17,35
2016preVFP,17,36
2016preVFP,17,37
2016preVFP,17,38
2016preVFP,17,39
2016preVFP,17,40
2016preVFP,17,41
2016preVFP,17,42
2016preVFP,17,43
2016preVFP,17,44
2016preVFP,17,45
2016preVFP,17,46
2016preVFP,17,47
2016preVFP,17,48
2016preVFP,17,49
2016preVFP,17,50
2016preVFP,17,51
2016preVFP,17,52
2016preVFP,17,53
2016preVFP,17,54
2016preVFP,17,55
2016preVFP,17,56
2016preVFP,17,57
2016preVFP,17,58
2016preVFP,17,59
2016preVFP,17,60
2016preVFP,17,61
2016preVFP,17,62
2016preVFP,17,63
2016preVFP,17,64
2016preVFP,17,65
2016preVFP,17,66
2016preVFP,17,67
2016preVFP,17,68
2016preVFP,17,69
2016preVFP,17,70
2016preVFP,17,71
2016preVFP,17,72
2016preVFP,17,73
2016preVFP,17,74
2016preVFP,17,75
2016preVFP,17,76
2016preVFP,17,77
2016preVFP,17,78
2016preVFP,17,79
2016preVFP,17,80
2016preVFP,17,81
2016preVFP,17,82
2016preVFP,17,83
2016preVFP,17,84
2016preVFP,17,85
2016preVFP,17,86
2016preVFP,17,87
2016preVFP,17,88
2016preVFP,17,89
2016preVFP,18,0
2016preVFP,19,0
2016preVFP,20,0
2016preVFP,21,0
2016preVFP,22,0
2016preVFP,22,1
2016preVFP,22,2
2016preVFP,22,3
2016preVFP,22,4
2016preVFP,22,5
2016preVFP,22,6
2016preVFP,22,7
2016preVFP,22,8
2016preVFP,22,9
2016preVFP,22,10
2016preVFP,22,11
2016preVFP,22,12
2016preVFP,22,13
2016preVFP,22,14
2016preVFP,22,15
2016preVFP,22,16
2016preVFP,22,17
2016preVFP,22,18
2016preVFP,22,19
2016preVFP,22,20
2016preVFP,22,21
2016preVFP,22,22
2016preVFP,22,23
2016preVFP,22,24
2016preVFP,22,25
2016preVFP,22,26
2016preVFP,22,27
2016preVFP,22,28
2016preVFP,22,29
2016preVFP,22,30
2016preVFP,23,0
2016preVFP,23,1
2016preVFP,23,2
2016preVFP,23,3
2016preVFP,23,4
2016preVFP,23,5
2016preVFP,24,0
2016preVFP,24,1
2016preVFP,24,2
2016preVFP,25,0
2016preVFP,25,1
2016preVFP,25,2
2016preVFP,25,3
2016preVFP,25,4
2016preVFP,25,5
2016preVFP,25,6
2016preVFP,25,7
2016preVFP,25,8
2016preVFP,25,9
2016preVFP,26,0
2016preVFP,26,1
2016preVFP,26,2
2016preVFP,26,3
2016preVFP,26,4
2016preVFP,26,5
2016preVFP,26,6
2016preVFP,27,0
2016preVFP,27,1
2016preVFP,27,2
2016preVFP,27,3
2016preVFP,27,4
2016preVFP,27,5
2016preVFP,27,6
2016preVFP,27,7
2016preVFP,27,8
2016preVFP,27,9
2016preVFP,27,10
2016preVFP,28,0
2016preVFP,28,1
2016preVFP,28,2
2016preVFP,28,3
2016preVFP,28,4
2016preVFP,28,5
2016preVFP,28,6
2016preVFP,28,7
2016preVFP,28,8
2016preVFP,28,9
2016preVFP,28,10
2016preVFP,29,0
2016preVFP,29,1
2016preVFP,29,2
2016preVFP,29,3
2016preVFP,29,4
2016preVFP,29,5
2016preVFP,29,6
2016preVFP,29,7
2016preVFP,29,8
2016preVFP,29,9
2016preVFP,29,10
2016preVFP,29,11
2016preVFP,29,12
2016preVFP,29,13
2016preVFP,29,14
2016preVFP,29,15
2016preVFP,29,16
2016preVFP,29,17
2016preVFP,29,18
2016preVFP,29,19
2016preVFP,29,20
2016preVFP,29,21
2016preVFP,29,22
2016preVFP,29,23
2016preVFP,29,24
2016preVFP,29,25
2016preVFP,29,26
2016preVFP,29,27
2016preVFP,29,28
2016preVFP,30,0
2016preVFP,30,1
2016preVFP,30,2
2016preVFP,30,3
2016preVFP,30,4
2016preVFP,30,5
2016preVFP,30,6
2016preVFP,30,7
2016preVFP,30,8
2016preVFP,30,9
2016preVFP,30,10
2016preVFP,30,11
2016preVFP,30,12
2016preVFP,30,13
2016preVFP,30,14
2016preVFP,30,15
2016preVFP,30,16
2016preVFP,30,17
2016preVFP,30,18
2016preVFP,30,19
2016preVFP,30,20
2016preVFP,30,21
2016preVFP,30,22
2016preVFP,30,23
2016preVFP,30,24
2016preVFP,30,25
2016preVFP,30,26
2016preVFP,30,27
2016preVFP,30,28
2016preVFP,30,29
2016preVFP,30,30
2016preVFP,30,31
2016preVFP,30,32
2016preVFP,30,33
2016preVFP,30,34
2016preVFP,30,35
2016preVFP,30,36
2016preVFP,30,37
2016preVFP,30,38
2016preVFP,30,39
2016preVFP,30,40
2016preVFP,30,41
2016preVFP,30,42
2016preVFP,30,43
2016preVFP,30,44
2016preVFP,30,45
2016preVFP,30,46
2016preVFP,30,47
2016preVFP,30,48
2016preVFP,30,49
2016preVFP,30,50
2016preVFP,30,51
2016preVFP,30,52
2016preVFP,30,53
2016preVFP,30,54
2016preVFP,30,55
2016preVFP,30,56
2016preVFP,30,57
2016preVFP,30,58
2016preVFP,30,59
2016preVFP,30,60
2016preVFP,30,61
2016preVFP,30,62
2016preVFP,30,63
2016preVFP,30,64
2016preVFP,30,65
2016preVFP,30,66
2016preVFP,30,67
2016preVFP,30,68
2016preVFP,30,69
2016preVFP,30,70
2016preVFP,30,71
2016preVFP,30,72
2016preVFP,30,73
2016preVFP,30,74
2016preVFP,30,75
2016preVFP,30,76
2016preVFP,31,0
2016preVFP,31,1
2016preVFP,31,2
2016preVFP,31,3
2016preVFP,31,4
2016preVFP,31,5
2016preVFP,31,6
2016preVFP,31,7
2016preVFP,31,8
2016preVFP,31,9
2016preVFP,31,10
2016preVFP,31,11
2016preVFP,31,12
2016preVFP,31,13
2016preVFP,31,14
2016preVFP,31,15
2016preVFP,31,16
2016preVFP,31,17
2016preVFP,31,18
2016preVFP,31,19
2016preVFP,31,20
2016preVFP,31,21
2016preVFP,31,22
2016preVFP,31,23
2016preVFP,31,24
2016preVFP,31,25
2016preVFP,31,26
2016preVFP,31,27
2016preVFP,31,28
2016preVFP,31,29
2016preVFP,31,30
2016preVFP,31,31
2016preVFP,31,32
2016preVFP,32,0
2016preVFP,32,1
2016preVFP,32,2
2016preVFP,32,3
2016preVFP,32,4
2016preVFP,32,5
2016preVFP,32,6
2016preVFP,32,7
2016preVFP,32,8
2016preVFP,32,9
2016preVFP,32,10
2016preVFP,32,11
2016preVFP,32,12
2016preVFP,32,13
2016preVFP,32,14
2016preVFP,32,15
2016preVFP,32,16
2016preVFP,32,17
2016preVFP,32,18
2016preVFP,32,19
2016preVFP,32,20
2016preVFP,32,21
2016preVFP,32,22
2016preVFP,32,23
2016preVFP,32,24
2016preVFP,32,25
2016preVFP,32,26
2016preVFP,32,27
2016preVFP,32,28
2016preVFP,32,29
2016preVFP,32,30
2016preVFP,32,31
2016preVFP,32,32
2016preVFP,32,33
2016preVFP,32,34
2016preVFP,32,35
2016preVFP,32,36
2016preVFP,32,37
2016preVFP,32,38
2016preVFP,32,39
2016preVFP,32,40
2016preVFP,32,41
2016preVFP,32,42
2016preVFP,32,43
2016preVFP,32,44
2016preVFP,32,45
2016preVFP,32,46
2016preVFP,32,47
2016preVFP,32,48
2016preVFP,32,49
2016preVFP,32,50
2016preVFP,32,51
2016preVFP,32,52
2016preVFP,32,53
2016preVFP,33,0
2016preVFP,33,1
2016preVFP,33,2
2016preVFP,33,3
2016preVFP,33,4
2016preVFP,33,5
2016preVFP,33,6
2016preVFP,33,7
2016preVFP,33,8
2016preVFP,33,9
2016preVFP,33,10
2016preVFP,33,11
2016preVFP,33,12
2016preVFP,33,13
2016preVFP,33,14
2016preVFP,33,15
2016preVFP,33,16
2016preVFP,33,17
2016preVFP,33,18
2016preVFP,33,19
2016preVFP,33,20
2016preVFP,33,21
2016preVFP,33,22
2016preVFP,33,23
2016preVFP,33,24
2016preVFP,33,25
2016preVFP,33,26
2016preVFP,33,27
2016preVFP,33,28
2016preVFP,33,29
2016preVFP,33,30
2016preVFP,33,31
2016preVFP,33,32
2016preVFP,33,33
2016preVFP,33,34
2016preVFP,33,35
2016preVFP,33,36
2016preVFP,33,37
2016preVFP,33,38
2016preVFP,33,39
2016preVFP,33,40
2016preVFP,33,41
2016preVFP,33,42
2016preVFP,33,43
2016preVFP,33,44
2016preVFP,33,45
2016preVFP,33,46
2016preVFP,33,47
2016preVFP,33,48
2016preVFP,34,0
2016preVFP,34,1
2016preVFP,34,2
2016preVFP,34,3
2016preVFP,34,4
2016preVFP,34,5
2016preVFP,34,6
2016preVFP,34,7
2016preVFP,34,8
2016preVFP,34,9
2016preVFP,34,10
2016preVFP,34,11
2016preVFP,34,12
2016preVFP,34,13
2016preVFP,34,14
2016preVFP,34,15
2016preVFP,34,16
2016preVFP,34,17
2016preVFP,34,18
2016preVFP,34,19
2016preVFP,34,20
2016preVFP,34,21
2016preVFP,34,22
2016preVFP,34,23
2016preVFP,34,24
2016preVFP,34,25
2016preVFP,34,26
2016preVFP,34,27
2016preVFP,34,28
2016preVFP,34,29
2016preVFP,35,0
2016preVFP,35,1
2016preVFP,35,2
2016preVFP,35,3
2016preVFP,35,4
2016preVFP,35,5
2016preVFP,35,6
2016preVFP,35,7
2016preVFP,35,8
2016preVFP,35,9
2016preVFP,35,10
2016preVFP,35,11
2016preVFP,35,12
2016preVFP,35,13
2016preVFP,35,14
2016preVFP,35,15
2016preVFP,35,16
2016preVFP,35,17
2016preVFP,35,18
2016preVFP,35,19
2016preVFP,35,20
2016preVFP,35,21
2016preVFP,35,22
2016preVFP,35,23
2016preVFP,35,24
2016preVFP,35,25
2016preVFP,35,26
2016preVFP,35,27
2016preVFP,35,28
2016preVFP,35,29
2016preVFP,35,30
2016preVFP,35,31
2016preVFP,35,32
2016preVFP,35,33
2016preVFP,35,34
2016preVFP,35,35
2016preVFP,35,36
2016preVFP,35,37
2016preVFP,35,38
2016preVFP,35,39
2016preVFP,35,40
2016preVFP,35,41
2016preVFP,35,42
2016preVFP,35,43
2016preVFP,35,44
2016preVFP,35,45
2016preVFP,35,46
2016preVFP,35,47
2016preVFP,35,48
2016preVFP,35,49
2016preVFP,35,50
2016preVFP,35,51
2016preVFP,35,52
2016preVFP,35,53
2016preVFP,35,54
2016preVFP,35,55
2016preVFP,35,56
2016preVFP,35,57
2016preVFP,35,58
2016preVFP,35,59
2016preVFP,35,60
2016preVFP,35,61
2016preVFP,35,62
2016preVFP,35,63
2016preVFP,35,64
2016preVFP,35,65
2016preVFP,35,66
2016preVFP,35,67
2016preVFP,35,68
2016preVFP,35,69
2016preVFP,35,70
2016preVFP,35,71
2016preVFP,35,72
2016preVFP,35,73
2016preVFP,35,74
2016preVFP,35,75
2016preVFP,35,76
2016preVFP,35,77
2016preVFP,35,78
2016preVFP,35,79
2016preVFP,35,80
2016preVFP,35,81
2016preVFP,35,82
2016preVFP,35,83
2016preVFP,35,84
2016preVFP,35,85
2016preVFP,35,86
2016preVFP,35,87
2016preVFP,35,88
2016preVFP,35,89
2016preVFP,35,90
2016preVFP,35,91
2016preVFP,35,92
2016preVFP,35,93
2016preVFP,35,94
2016preVFP,35,95
2016preVFP,35,96
2016preVFP,35,97
2016preVFP,35,98
2016preVFP,35,99
2016preVFP,35,100
2016preVFP,35,101
2016preVFP,35,102
2016preVFP,35,103
2016preVFP,35,104
2016preVFP,35,105
2016preVFP,35,106
2016preVFP,35,107
2016preVFP,35,108
2016preVFP,35,109
2016preVFP,35,110
2016preVFP,35,111
2016preVFP,35,112
2016preVFP,35,113
2016preVFP,35,114
2016preVFP,35,115
2016preVFP,35,116
2016preVFP,35,117
2016preVFP,35,118
2016preVFP,35,119
2016preVFP,35,120
2016preVFP,35,121
2016preVFP,35,122
2016preVFP,35,123
2016preVFP,35,124
2016preVFP,36,0
2016preVFP,36,1
2016preVFP,36,2
2016preVFP,36,3
2016preVFP,36,4
2016preVFP,36,5
2016preVFP,36,6
2016preVFP,36,7
2016preVFP,36,8
2016preVFP,36,9
2016preVFP,36,10
2016preVFP,36,11
2016preVFP,36,12
2016preVFP,36,13
2016preVFP,36,14
2016preVFP,36,15
2016preVFP,36,16
2016preVFP,36,17
2016preVFP,36,18
2016preVFP,36,19
2016preVFP,36,20
2016preVFP,36,21
2016preVFP,36,22
2016preVFP,36,23
2016preVFP,36,24
2016preVFP,36,25
2016preVFP,36,26
2016preVFP,36,27
2016preVFP,36,28
2016preVFP,36,29
2016preVFP,36,30
2016preVFP,36,31
2016preVFP,36,32
2016preVFP,36,33
2016preVFP,36,34
2016preVFP,36,35
2016preVFP,36,36
2016preVFP,36,37
2016preVFP,36,38
2016preVFP,36,39
2016preVFP,36,40
2016preVFP,36,41
2016preVFP,36,42
2016preVFP,36,43
2016preVFP,36,44
2016preVFP,36,45
2016preVFP,36,46
2016preVFP,36,47
2016preVFP,36,48
2016preVFP,36,49
2016preVFP,36,50
2016preVFP,36,51
2016preVFP,36,52
2016preVFP,36,53
2016preVFP,36,54
2016preVFP,37,0
2016preVFP,37,1
2016preVFP,37,2
2016preVFP,37,3
2016preVFP,37,4
2016preVFP,37,5
2016preVFP,37,6
2016preVFP,37,7
2016preVFP,37,8
2016preVFP,37,9
2016preVFP,37,10
2016preVFP,37,11
2016preVFP,37,12
2016preVFP,37,13
2016preVFP,37,14
2016preVFP,37,15
2016preVFP,37,16
2016preVFP,37,17
2016preVFP,37,18
2016preVFP,37,19
2016preVFP,37,20
2016preVFP,37,21
2016preVFP,37,22
2016preVFP,37,23
2016preVFP,37,24
2016preVFP,37,25
2016preVFP,37,26
2016preVFP,37,27
2016preVFP,37,28
2016preVFP,37,29
2016preVFP,37,30
2016preVFP,37,31
2016preVFP,37,32
2016preVFP,37,33
2016preVFP,37,34
2016preVFP,37,35
2016preVFP,37,36
2016preVFP,37,37
2016preVFP,37,38
2016preVFP,37,39
2016preVFP,37,40
2016preVFP,37,41
2016preVFP,37,42
2016preVFP,37,43
2016preVFP,37,44
2016preVFP,37,45
2016preVFP,37,46
2016preVFP,37,47
2016preVFP,37,48
2016preVFP,37,49
2016preVFP,37,50
2016preVFP,37,51
2016preVFP,37,52
2016preVFP,37,53
2016preVFP,37,54
2016preVFP,37,55
2016preVFP,37,56
2016preVFP,37,57
2016preVFP,37,58
2016preVFP,37,59
2016preVFP,37,60
2016preVFP,37,61
2016preVFP,37,62
2016preVFP,37,63
2016preVFP,37,64
2016preVFP,37,65
2016preVFP,37,66
2016preVFP,37,67
2016preVFP,37,68
2016preVFP,37,69
2016preVFP,37,70
2016preVFP,37,71
2016preVFP,37,72
2016preVFP,37,73
2016preVFP,37,74
2016preVFP,37,75
2016preVFP,37,76
2016preVFP,37,77
2016preVFP,37,78
2016preVFP,37,79
2016preVFP,37,80
2016preVFP,37,81
2016preVFP,37,82
2016preVFP,37,83
2016preVFP,37,84
2016preVFP,37,85
2016preVFP,37,86
2016preVFP,37,87
2016preVFP,37,88
2016preVFP,38,0
2016preVFP,38,1
2016preVFP,38,2
2016preVFP,38,3
2016preVFP,38,4
2016preVFP,38,5
2016preVFP,38,6
2016preVFP,38,7
2016preVFP,38,8
2016preVFP,38,9
2016preVFP,38,10
2016preVFP,38,11
2016preVFP,38,12
2016preVFP,38,13
2016preVFP,38,14
2016preVFP,38,15
2016preVFP,38,16
2016preVFP,38,17
2016preVFP,38,18
2016preVFP,38,19
2016preVFP,38,20
2016preVFP,38,21
2016preVFP,38,22
2016preVFP,38,23
2016preVFP,38,24
2016preVFP,38,25
2016preVFP,38,26
2016preVFP,38,27
2016preVFP,38,28
2016preVFP,38,29
2016preVFP,38,30
2016preVFP,38,31
2016preVFP,38,32
2016preVFP,38,33
2016preVFP,38,34
2016preVFP,38,35
2016preVFP,38,36
2016preVFP,38,37
2016preVFP,38,38
2016preVFP,38,39
2016preVFP,38,40
2016preVFP,38,41
2016preVFP,38,42
2016preVFP,38,43
2016preVFP,38,44
2016preVFP,38,45
2016preVFP,38,46
2016preVFP,38,47
2016preVFP,38,48
2016preVFP,38,49
2016preVFP,38,50
2016preVFP,38,51
2016preVFP,38,52
2016preVFP,38,53
2016preVFP,38,54
2016preVFP,38,55
2016preVFP,38,56
2016preVFP,38,57
2016preVFP,38,58
2016preVFP,38,59
2016preVFP,38,60
2016preVFP,38,61
2016preVFP,38,62
2016preVFP,38,63
2016preVFP,38,64
2016preVFP,38,65
2016preVFP,38,66
2016preVFP,38,67
2016preVFP,38,68
2016preVFP,38,69
2016preVFP,38,70
2016preVFP,38,71
2016preVFP,38,72
2016preVFP,38,73
2016preVFP,38,74
2016preVFP,38,75
2016preVFP,38,76
2016preVFP,38,77
2016preVFP,38,78
2016preVFP,38,79
2016preVFP,38,80
2016preVFP,38,81
2016preVFP,38,82
2016preVFP,38,83
2016preVFP,39,0
2016preVFP,39,1
2016preVFP,39,2
2016preVFP,39,3
2016preVFP,39,4
2016preVFP,39,5
2016preVFP,39,6
2016preVFP,39,7
2016preVFP,39,8
2016preVFP,39,9
2016preVFP,39,10
2016preVFP,39,11
2016preVFP,39,12
2016preVFP,39,13
2016preVFP,39,14
2016preVFP,39,15
2016preVFP,39,16
2016preVFP,39,17
2016preVFP,39,18
2016preVFP,39,19
2016preVFP,39,20
2016preVFP,39,21
2016preVFP,39,22
2016preVFP,39,23
2016preVFP,39,24
2016preVFP,39,25
2016preVFP,39,26
2016preVFP,39,27
2016preVFP,39,28
2016preVFP,39,29
2016preVFP,39,30
2016preVFP,39,31
2016preVFP,39,32
2016preVFP,39,33
2016preVFP,39,34
2016preVFP,39,35
2016preVFP,39,36
2016preVFP,39,37
2016preVFP,39,38
2016preVFP,39,39
2016preVFP,39,40
2016preVFP,39,41
2016preVFP,39,42
2016preVFP,39,43
2016preVFP,39,44
2016preVFP,39,45
2016preVFP,39,46
2016preVFP,39,47
2016preVFP,39,48
2016preVFP,39,49
2016preVFP,39,50
2016preVFP,39,51
2016preVFP,39,52
2016preVFP,39,53
2016preVFP,40,0
2016preVFP,40,1
2016preVFP,40,2
2016preVFP,40,3
2016preVFP,40,4
2016preVFP,40,5
2016preVFP,40,6
2016preVFP,40,7
2016preVFP,41,0
2016preVFP,42,0
2016preVFP,43,0
2016preVFP,44,0
2016preVFP,45,0
2016preVFP,45,1
2016preVFP,45,2
2016preVFP,45,3
2016preVFP,45,4
2016preVFP,45,5
2016preVFP,46,0
2016preVFP,46,1
2016preVFP,46,2
2016preVFP,47,0
2016preVFP,48,0
2016preVFP,48,1
2016preVFP,48,2
2016preVFP,48,3
2016preVFP,49,0
2016preVFP,50,0
2016preVFP,51,0
2016preVFP,52,0
2016preVFP,53,0
2016preVFP,54,0
2016preVFP,55,0
2016preVFP,56,0
2016preVFP,57,0
2016preVFP,58,0
2016preVFP,59,0
2016preVFP,60,0
2016preVFP,60,1
2016preVFP,60,2
2016preVFP,60,3
2016preVFP,60,4
2016preVFP,60,5
2016preVFP,60,6
2016preVFP,60,7
2016preVFP,60,8
2016preVFP,61,0
2016preVFP,61,1
2016preVFP,61,2
2016preVFP,61,3
2016preVFP,61,4
2016preVFP,61,5
2016preVFP,61,6
2016preVFP,61,7
2016preVFP,61,8
2016postVFP,0,0
2016postVFP,0,1
2016postVFP,0,2
2016postVFP,0,3
2016postVFP,0,4
2016postVFP,0,5
2016postVFP,0,6
2016postVFP,0,7
2016postVFP,0,8
2016postVFP,0,9
2016postVFP,0,10
2016postVFP,0,11
2016postVFP,0,12
2016postVFP,0,13
2016postVFP,0,14
2016postVFP,0,15
2016postVFP,0,16
2016postVFP,0,17
2016postVFP,0,18
2016postVFP,0,19
2016postVFP,0,20
2016postVFP,0,21
2016postVFP,0,22
2016postVFP,0,23
2016postVFP,0,24
2016postVFP,0,25
2016postVFP,0,26
2016postVFP,0,27
2016postVFP,0,28
2016postVFP,0,29
2016postVFP,0,30
2016postVFP,0,31
2016postVFP,0,32
2016postVFP,0,33
2016postVFP,0,34
2016postVFP,0,35
2016postVFP,0,36
2016postVFP,0,37
2016postVFP,0,38
2016postVFP,0,39
2016postVFP,0,40
2016postVFP,0,41
2016postVFP,0,42
2016postVFP,0,43
2016postVFP,0,44
2016postVFP,0,45
2016postVFP,0,46
2016postVFP,0,47
2016postVFP,0,48
2016postVFP,0,49
2016postVFP,0,50
2016postVFP,0,51
2016postVFP,0,52
2016postVFP,0,53
2016postVFP,0,54
2016postVFP,0,55
2016postVFP,0,56
2016postVFP,0,57
2016postVFP,0,58
2016postVFP,1,0
2016postVFP,2,0
2016postVFP,3,0
2016postVFP,4,0
2016postVFP,5,0
2016postVFP,6,0
2016postVFP,7,0
2016postVFP,8,0
2016postVFP,9,0
2016postVFP,10,0
2016postVFP,11,0
2016postVFP,11,1
2016postVFP,11,2
2016postVFP,11,3
2016postVFP,12,0
2016postVFP,12,1
2016postVFP,12,2
2016postVFP,12,3
2016postVFP,12,4
2016postVFP,12,5
2016postVFP,12,6
2016postVFP,13,0
2016postVFP,13,1
2016postVFP,13,2
2016postVFP,13,3
2016postVFP,13,4
2016postVFP,13,5
2016postVFP,13,6
2016postVFP,13,7
2016postVFP,13,8
2016postVFP,13,9
2016postVFP,13,10
2016postVFP,13,11
2016postVFP,13,12
2016postVFP,13,13
2016postVFP,14,0
2016postVFP,14,1
2016postVFP,15,0
2016postVFP,15,1
2016postVFP,16,0
2016postVFP,16,1
2016postVFP,16,2
2016postVFP,16,3
2016postVFP,16,4
2016postVFP,16,5
2016postVFP,16,6
2016postVFP,16,7
2016postVFP,16,8
2016postVFP,16,9
2016postVFP,16,10
2016postVFP,16,11
2016postVFP,16,12
2016postVFP,16,13
2016postVFP,16,14
2016postVFP,16,15
2016postVFP,16,16
2016postVFP,16,17
2016postVFP,16,18
2016postVFP,16,19
2016postVFP,16,20
2016postVFP,16,21
2016postVFP,16,22
2016postVFP,16,23
2016postVFP,16,24
2016postVFP,16,25
2016postVFP,16,26
2016postVFP,16,27
2016postVFP,16,28
2016postVFP,16,29
2016postVFP,16,30
2016postVFP,16,31
2016postVFP,16,32
2016postVFP,16,33
2016postVFP,16,34
2016postVFP,16,35
2016postVFP,16,36
2016postVFP,16,37
2016postVFP,16,38
2016postVFP,16,39
2016postVFP,16,40
2016postVFP,16,41
2016postVFP,16,42
2016postVFP,16,43
2016postVFP,16,44
2016postVFP,16,45
2016postVFP,16,46
2016postVFP,16,47
2016postVFP,16,48
2016postVFP,16,49
2016postVFP,16,50
2016postVFP,17,0
2016postVFP,17,1
2016postVFP,17,2
2016postVFP,17,3
2016postVFP,17,4
2016postVFP,17,5
2016postVFP,17,6
2016postVFP,17,7
2016postVFP,17,8
2016postVFP,17,9
2016postVFP,17,10
2016postVFP,17,11
2016postVFP,17,12
2016postVFP,17,13
2016postVFP,17,14
2016postVFP,17,15
2016postVFP,17,16
2016postVFP,17,17
2016postVFP,17,18
2016postVFP,17,19
2016postVFP,17,20
2016postVFP,17,21
2016postVFP,17,22
2016postVFP,17,23
2016postVFP,17,24
2016postVFP,17,25
2016postVFP,17,26
2016postVFP,17,27
2016postVFP,17,28
2016postVFP,17,29
2016postVFP,17,30
2016postVFP,17,31
2016postVFP,17,32
2016postVFP,17,33
2016postVFP,17,34
2016postVFP,17,35
2016postVFP,17,36
2016postVFP,17,37
2016postVFP,17,38
2016postVFP,17,39
2016postVFP,17,40
2016postVFP,17,41
2016postVFP,17,42
2016postVFP,17,43
2016postVFP,17,44
2016postVFP,17,45
2016postVFP,17,46
2016postVFP,17,47
2016postVFP,17,48
2016postVFP,17,49
2016postVFP,17,50
2016postVFP,17,51
2016postVFP,17,52
2016postVFP,17,53
2016postVFP,17,54
2016postVFP,17,55
2016postVFP,17,56
2016postVFP,17,57
2016postVFP,17,58
2016postVFP,17,59
2016postVFP,17,60
2016postVFP,17,61
2016postVFP,17,62
2016postVFP,17,63
2016postVFP,17,64
2016postVFP,17,65
2016postVFP,17,66
2016postVFP,17,67
2016postVFP,17,68
2016postVFP,17,69
2016postVFP,17,70
2016postVFP,17,71
2016postVFP,17,72
2016postVFP,17,73
2016postVFP,17,74
2016postVFP,17,75
2016postVFP,17,76
2016postVFP,17,77
2016postVFP,17,78
2016postVFP,17,79
2016postVFP,17,80
2016postVFP,17,81
2016postVFP,17,82
2016postVFP,17,83
2016postVFP,17,84
2016postVFP,17,85
2016postVFP,17,86
2016postVFP,17,87
2016postVFP,17,88
2016postVFP,17,89
2016postVFP,17,90
2016postVFP,17,91
2016postVFP,17,92
2016postVFP,17,93
2016postVFP,17,94
2016postVFP,17,95
2016postVFP,17,96
2016postVFP,17,97
2016postVFP,17,98
2016postVFP,17,99
2016postVFP,17,100
2016postVFP,18,0
2016postVFP,19,0
2016postVFP,19,1
2016postVFP,19,2
2016postVFP,20,0
2016postVFP,20,1
2016postVFP,21,0
2016postVFP,21,1
2016postVFP,22,0
2016postVFP,22,1
2016postVFP,22,2
2016postVFP,22,3
2016postVFP,22,4
2016postVFP,22,5
2016postVFP,22,6
2016postVFP,22,7
2016postVFP,22,8
2016postVFP,22,9
2016postVFP,22,10
2016postVFP,22,11
2016postVFP,22,12
2016postVFP,22,13
2016postVFP,22,14
2016postVFP,22,15
2016postVFP,22,16
2016postVFP,22,17
2016postVFP,22,18
2016postVFP,22,19
2016postVFP,22,20
2016postVFP,22,21
2016postVFP,22,22
2016postVFP,22,23
2016postVFP,22,24
2016postVFP,22,25
2016postVFP,22,26
2016postVFP,22,27
2016postVFP,22,28
2016postVFP,22,29
2016postVFP,22,30
2016postVFP,22,31
2016postVFP,22,32
2016postVFP,22,33
2016postVFP,22,34
2016postVFP,22,35
2016postVFP,22,36
2016postVFP,22,37
2016postVFP,22,38
2016postVFP,22,39
2016postVFP,22,40
2016postVFP,22,41
2016postVFP,22,42
2016postVFP,22,43
2016postVFP,22,44
2016postVFP,22,45
2016postVFP,22,46
2016postVFP,22,47
2016postVFP,22,48
2016postVFP,22,49
2016postVFP,22,50
2016postVFP,22,51
2016postVFP,22,52
2016postVFP,22,53
2016postVFP,22,54
2016postVFP,22,55
2016postVFP,22,56
2016postVFP,22,57
2016postVFP,22,58
2016postVFP,22,59
2016postVFP,22,60
2016postVFP,22,61
2016postVFP,22,62
2016postVFP,22,63
2016postVFP,22,64
2016postVFP,22,65
2016postVFP,22,66
2016postVFP,22,67
2016postVFP,23,0
2016postVFP,23,1
2016postVFP,23,2
2016postVFP,23,3
2016postVFP,23,4
2016postVFP,23,5
2016postVFP,24,0
2016postVFP,24,1
2016postVFP,24,2
2016postVFP,25,0
2016postVFP,25,1
2016postVFP,25,2
2016postVFP,25,3
2016postVFP,25,4
2016postVFP,25,5
2016postVFP,25,6
2016postVFP,25,7
2016postVFP,25,8
2016postVFP,26,0
2016postVFP,26,1
2016postVFP,26,2
2016postVFP,26,3
2016postVFP,26,4
2016postVFP,26,5
2016postVFP,26,6
2016postVFP,26,7
2016postVFP,27,0
2016postVFP,27,1
2016postVFP,27,2
2016postVFP,27,3
2016postVFP,27,4
2016postVFP,27,5
2016postVFP,27,6
2016postVFP,27,7
2016postVFP,27,8
2016postVFP,27,9
2016postVFP,27,10
2016postVFP,28,0
2016postVFP,28,1
2016postVFP,28,2
2016postVFP,28,3
2016postVFP,28,4
2016postVFP,28,5
2016postVFP,28,6
2016postVFP,28,7
2016postVFP,28,8
2016postVFP,28,9
2016postVFP,29,0
2016postVFP,29,1
2016postVFP,29,2
2016postVFP,29,3
2016postVFP,29,4
2016postVFP,29,5
2016postVFP,29,6
2016postVFP,29,7
2016postVFP,29,8
2016postVFP,29,9
2016postVFP,29,10
2016postVFP,29,11
2016postVFP,29,12
2016postVFP,29,13
2016postVFP,29,14
2016postVFP,29,15
2016postVFP,29,16
2016postVFP,29,17
2016postVFP,29,18
2016postVFP,29,19
2016postVFP,29,20
2016postVFP,29,21
2016postVFP,29,22
2016postVFP,29,23
2016postVFP,29,24
2016postVFP,29,25
2016postVFP,29,26
2016postVFP,29,27
2016postVFP,29,28
2016postVFP,29,29
2016postVFP,30,0
2016postVFP,30,1
2016postVFP,30,2
2016postVFP,30,3
2016postVFP,30,4
2016postVFP,30,5
2016postVFP,31,0
2016postVFP,31,1
2016postVFP,31,2
2016postVFP,31,3
2016postVFP,31,4
2016postVFP,31,5
2016postVFP,31,6
2016postVFP,31,7
2016postVFP,31,8
2016postVFP,31,9
2016postVFP,31,10
2016postVFP,31,11
2016postVFP,31,12
2016postVFP,31,13
2016postVFP,31,14
2016postVFP,31,15
2016postVFP,31,16
2016postVFP,31,17
2016postVFP,31,18
2016postVFP,31,19
2016postVFP,31,20
2016postVFP,31,21
2016postVFP,31,22
2016postVFP,31,23
2016postVFP,31,24
2016postVFP,31,25
2016postVFP,31,26
2016postVFP,31,27
2016postVFP,31,28
2016postVFP,31,29
2016postVFP,31,30
2016postVFP,31,31
2016postVFP,31,32
2016postVFP,31,33
2016postVFP,31,34
2016postVFP,31,35
2016postVFP,31,36
2016postVFP,31,37
2016postVFP,31,38
2016postVFP,31,39
2016postVFP,31,40
2016postVFP,31,41
2016postVFP,31,42
2016postVFP,31,43
2016postVFP,31,44
2016postVFP,31,45
2016postVFP,31,46
2016postVFP,31,47
2016postVFP,31,48
2016postVFP,31,49
2016postVFP,31,50
2016postVFP,31,51
2016postVFP,31,52
2016postVFP,31,53
2016postVFP,31,54
2016postVFP,31,55
2016postVFP,31,56
2016postVFP,31,57
2016postVFP,31,58
2016postVFP,31,59
2016postVFP,31,60
2016postVFP,31,61
2016postVFP,31,62
2016postVFP,31,63
2016postVFP,31,64
2016postVFP,31,65
2016postVFP,31,66
2016postVFP,31,67
2016postVFP,31,68
2016postVFP,31,69
2016postVFP,31,70
2016postVFP,31,71
2016postVFP,31,72
2016postVFP,31,73
2016postVFP,31,74
2016postVFP,31,75
2016postVFP,31,76
2016postVFP,31,77
2016postVFP,31,78
2016postVFP,31,79
2016postVFP,31,80
2016postVFP,31,81
2016postVFP,31,82
2016postVFP,31,83
2016postVFP,31,84
2016postVFP,31,85
2016postVFP,31,86
2016postVFP,31,87
2016postVFP,31,88
2016postVFP,32,0
2016postVFP,32,1
2016postVFP,32,2
2016postVFP,32,3
2016postVFP,32,4
2016postVFP,32,5
2016postVFP,32,6
2016postVFP,32,7
2016postVFP,32,8
2016postVFP,32,9
2016postVFP,32,10
2016postVFP,32,11
2016postVFP,32,12
2016postVFP,32,13
2016postVFP,32,14
2016postVFP,32,15
2016postVFP,32,16
2016postVFP,32,17
2016postVFP,32,18
2016postVFP,32,19
2016postVFP,32,20
2016postVFP,32,21
2016postVFP,32,22
2016postVFP,32,23
2016postVFP,32,24
2016postVFP,32,25
2016postVFP,32,26
2016postVFP,32,27
2016postVFP,32,28
2016postVFP,32,29
2016postVFP,32,30
2016postVFP,32,31
2016postVFP,32,32
2016postVFP,32,33
2016postVFP,32,34
2016postVFP,32,35
2016postVFP,32,36
2016postVFP,32,37
2016postVFP,32,38
2016postVFP,32,39
2016postVFP,32,40
2016postVFP,32,41
2016postVFP,32,42
2016postVFP,32,43
2016postVFP,32,44
2016postVFP,32,45
2016postVFP,32,46
2016postVFP,32,47
2016postVFP,32,48
2016postVFP,32,49
2016postVFP,32,50
2016postVFP,32,51
2016postVFP,32,52
2016postVFP,32,53
2016postVFP,32,54
2016postVFP,32,55
2016postVFP,32,56
2016postVFP,32,57
2016postVFP,32,58
2016postVFP,32,59
2016postVFP,32,60
2016postVFP,32,61
2016postVFP,32,62
2016postVFP,32,63
2016postVFP,32,64
2016postVFP,32,65
2016postVFP,32,66
2016postVFP,32,67
2016postVFP,32,68
2016postVFP,32,69
2016postVFP,32,70
2016postVFP,32,71
2016postVFP,32,72
2016postVFP,32,73
2016postVFP,32,74
2016postVFP,32,75
2016postVFP,32,76
2016postVFP,32,77
2016postVFP,32,78
2016postVFP,32,79
2016postVFP,32,80
2016postVFP,32,81
2016postVFP,32,82
2016postVFP,32,83
2016postVFP,32,84
2016postVFP,32,85
2016postVFP,32,86
2016postVFP,32,87
2016postVFP,32,88
2016postVFP,32,89
2016postVFP,32,90
2016postVFP,32,91
2016postVFP,32,92
2016postVFP,32,93
2016postVFP,32,94
2016postVFP,32,95
2016postVFP,32,96
2016postVFP,32,97
2016postVFP,33,0
2016postVFP,33,1
2016postVFP,33,2
2016postVFP,33,3
2016postVFP,33,4
2016postVFP,33,5
2016postVFP,33,6
2016postVFP,33,7
2016postVFP,33,8
2016postVFP,34,0
2016postVFP,34,1
2016postVFP,34,2
2016postVFP,34,3
2016postVFP,34,4
2016postVFP,34,5
2016postVFP,34,6
2016postVFP,34,7
2016postVFP,34,8
2016postVFP,34,9
2016postVFP,34,10
2016postVFP,34,11
2016postVFP,34,12
2016postVFP,34,13
2016postVFP,34,14
2016postVFP,34,15
2016postVFP,34,16
2016postVFP,34,17
2016postVFP,34,18
2016postVFP,34,19
2016postVFP,34,20
2016postVFP,34,21
2016postVFP,34,22
2016postVFP,34,23
2016postVFP,34,24
2016postVFP,34,25
2016postVFP,34,26
2016postVFP,34,27
2016postVFP,34,28
2016postVFP,34,29
2016postVFP,34,30
2016postVFP,34,31
2016postVFP,34,32
2016postVFP,34,33
2016postVFP,34,34
2016postVFP,34,35
2016postVFP,34,36
2016postVFP,34,37
2016postVFP,34,38
2016postVFP,34,39
2016postVFP,34,40
2016postVFP,34,41
2016postVFP,34,42
2016postVFP,34,43
2016postVFP,34,44
2016postVFP,34,45
2016postVFP,34,46
2016postVFP,34,47
2016postVFP,34,48
2016postVFP,34,49
2016postVFP,34,50
2016postVFP,34,51
2016postVFP,34,52
2016postVFP,34,53
2016postVFP,34,54
2016postVFP,34,55
2016postVFP,34,56
2016postVFP,34,57
2016postVFP,34,58
2016postVFP,34,59
2016postVFP,34,60
2016postVFP,34,61
2016postVFP,34,62
2016postVFP,34,63
2016postVFP,34,64
2016postVFP,34,65
2016postVFP,34,66
2016postVFP,34,67
2016postVFP,34,68
2016postVFP,34,69
2016postVFP,34,70
2016postVFP,34,71
2016postVFP,34,72
2016postVFP,34,73
2016postVFP,34,74
2016postVFP,34,75
2016postVFP,34,76
2016postVFP,34,77
2016postVFP,34,78
2016postVFP,34,79
2016postVFP,34,80
2016postVFP,34,81
2016postVFP,34,82
2016postVFP,34,83
2016postVFP,34,84
2016postVFP,34,85
2016postVFP,34,86
2016postVFP,34,87
2016postVFP,34,88
2016postVFP,34,89
2016postVFP,34,90
2016postVFP,34,91
2016postVFP,34,92
2016postVFP,34,93
2016postVFP,34,94
2016postVFP,34,95
2016postVFP,34,96
2016postVFP,34,97
2016postVFP,34,98
2016postVFP,34,99
2016postVFP,34,100
2016postVFP,34,101
2016postVFP,34,102
2016postVFP,34,103
2016postVFP,34,104
2016postVFP,34,105
2016postVFP,34,106
2016postVFP,34,107
2016postVFP,34,108
2016postVFP,34,109
2016postVFP,34,110
2016postVFP,34,111
2016postVFP,34,112
2016postVFP,34,113
2016postVFP,34,114
2016postVFP,34,115
2016postVFP,34,116
2016postVFP,34,117
2016postVFP,34,118
2016postVFP,34,119
2016postVFP,34,120
2016postVFP,34,121
2016postVFP,34,122
2016postVFP,34,123
2016postVFP,34,124
2016postVFP,34,125
2016postVFP,34,126
2016postVFP,34,127
2016postVFP,34,128
2016postVFP,34,129
2016postVFP,34,130
2016postVFP,34,131
2016postVFP,34,132
2016postVFP,34,133
2016postVFP,34,134
2016postVFP,34,135
2016postVFP,34,136
2016postVFP,34,137
2016postVFP,34,138
2016postVFP,34,139
2016postVFP,34,140
2016postVFP,34,141
2016postVFP,34,142
2016postVFP,34,143
2016postVFP,34,144
2016postVFP,34,145
2016postVFP,34,146
2016postVFP,34,147
2016postVFP,34,148
2016postVFP,34,149
2016postVFP,34,150
2016postVFP,34,151
2016postVFP,34,152
2016postVFP,34,153
2016postVFP,34,154
2016postVFP,34,155
2016postVFP,34,156
2016postVFP,34,157
2016postVFP,34,158
2016postVFP,34,159
2016postVFP,34,160
2016postVFP,35,0
2016postVFP,35,1
2016postVFP,35,2
2016postVFP,35,3
2016postVFP,35,4
2016postVFP,35,5
2016postVFP,35,6
2016postVFP,35,7
2016postVFP,35,8
2016postVFP,35,9
2016postVFP,35,10
2016postVFP,35,11
2016postVFP,35,12
2016postVFP,35,13
2016postVFP,35,14
2016postVFP,35,15
2016postVFP,35,16
2016postVFP,35,17
2016postVFP,35,18
2016postVFP,35,19
2016postVFP,35,20
2016postVFP,35,21
2016postVFP,35,22
2016postVFP,35,23
2016postVFP,35,24
2016postVFP,35,25
2016postVFP,35,26
2016postVFP,35,27
2016postVFP,35,28
2016postVFP,35,29
2016postVFP,35,30
2016postVFP,35,31
2016postVFP,35,32
2016postVFP,35,33
2016postVFP,35,34
2016postVFP,35,35
2016postVFP,35,36
2016postVFP,35,37
2016postVFP,35,38
2016postVFP,35,39
2016postVFP,35,40
2016postVFP,35,41
2016postVFP,35,42
2016postVFP,35,43
2016postVFP,35,44
2016postVFP,35,45
2016postVFP,35,46
2016postVFP,35,47
2016postVFP,35,48
2016postVFP,35,49
2016postVFP,35,50
2016postVFP,35,51
2016postVFP,35,52
2016postVFP,35,53
2016postVFP,35,54
2016postVFP,35,55
2016postVFP,35,56
2016postVFP,35,57
2016postVFP,35,58
2016postVFP,35,59
2016postVFP,35,60
2016postVFP,35,61
2016postVFP,35,62
2016postVFP,35,63
2016postVFP,35,64
2016postVFP,35,65
2016postVFP,35,66
2016postVFP,35,67
2016postVFP,35,68
2016postVFP,35,69
2016postVFP,35,70
2016postVFP,35,71
2016postVFP,35,72
2016postVFP,35,73
2016postVFP,35,74
2016postVFP,35,75
2016postVFP,35,76
2016postVFP,35,77
2016postVFP,35,78
2016postVFP,35,79
2016postVFP,35,80
2016postVFP,35,81
2016postVFP,35,82
2016postVFP,35,83
2016postVFP,35,84
2016postVFP,35,85
2016postVFP,35,86
2016postVFP,35,87
2016postVFP,35,88
2016postVFP,35,89
2016postVFP,35,90
2016postVFP,35,91
2016postVFP,35,92
2016postVFP,35,93
2016postVFP,35,94
2016postVFP,35,95
2016postVFP,35,96
2016postVFP,35,97
2016postVFP,35,98
2016postVFP,35,99
2016postVFP,35,100
2016postVFP,35,101
2016postVFP,35,102
2016postVFP,35,103
2016postVFP,35,104
2016postVFP,35,105
2016postVFP,35,106
2016postVFP,35,107
2016postVFP,35,108
2016postVFP,35,109
2016postVFP,35,110
2016postVFP,35,111
2016postVFP,35,112
2016postVFP,35,113
2016postVFP,35,114
2016postVFP,35,115
2016postVFP,35,116
2016postVFP,35,117
2016postVFP,35,118
2016postVFP,35,119
2016postVFP,35,120
2016postVFP,35,121
2016postVFP,35,122
2016postVFP,35,123
2016postVFP,35,124
2016postVFP,35,125
2016postVFP,35,126
2016postVFP,35,127
2016postVFP,35,128
2016postVFP,35,129
2016postVFP,35,130
2016postVFP,35,131
2016postVFP,35,132
2016postVFP,35,133
2016postVFP,35,134
2016postVFP,35,135
2016postVFP,35,136
2016postVFP,35,137
2016postVFP,35,138
2016postVFP,35,139
2016postVFP,35,140
2016postVFP,35,141
2016postVFP,35,142
2016postVFP,35,143
2016postVFP,35,144
2016postVFP,35,145
2016postVFP,35,146
2016postVFP,35,147
2016postVFP,35,148
2016postVFP,35,149
2016postVFP,35,150
2016postVFP,35,151
2016postVFP,35,152
2016postVFP,35,153
2016postVFP,35,154
2016postVFP,35,155
2016postVFP,35,156
2016postVFP,35,157
2016postVFP,35,158
2016postVFP,35,159
2016postVFP,35,160
2016postVFP,35,161
2016postVFP,35,162
2016postVFP,35,163
2016postVFP,35,164
2016postVFP,35,165
2016postVFP,35,166
2016postVFP,35,167
2016postVFP,35,168
2016postVFP,35,169
2016postVFP,35,170
2016postVFP,35,171
2016postVFP,35,172
2016postVFP,35,173
2016postVFP,35,174
2016postVFP,35,175
2016postVFP,35,176
2016postVFP,35,177
2016postVFP,35,178
2016postVFP,35,179
2016postVFP,35,180
2016postVFP,35,181
2016postVFP,35,182
2016postVFP,35,183
2016postVFP,35,184
2016postVFP,35,185
2016postVFP,35,186
2016postVFP,36,0
2016postVFP,36,1
2016postVFP,36,2
2016postVFP,36,3
2016postVFP,36,4
2016postVFP,36,5
2016postVFP,36,6
2016postVFP,36,7
2016postVFP,37,0
2016postVFP,38,0
2016postVFP,39,0
2016postVFP,40,0
2016postVFP,41,0
2016postVFP,41,1
2016postVFP,41,2
2016postVFP,41,3
2016postVFP,41,4
2016postVFP,41,5
2016postVFP,42,0
2016postVFP,42,1
2016postVFP,42,2
2016postVFP,43,0
2016postVFP,44,0
2016postVFP,44,1
2016postVFP,44,2
2016postVFP,44,3
2016postVFP,44,4
2016postVFP,45,0
2016postVFP,46,0
2016postVFP,47,0
2016postVFP,48,0
2016postVFP,49,0
2016postVFP,50,0
2016postVFP,51,0
2016postVFP,52,0
2016postVFP,53,0
2016postVFP,54,0
2016postVFP,55,0
2016postVFP,56,0
2016postVFP,56,1
2016postVFP,56,2
2016postVFP,56,3
2016postVFP,56,4
2016postVFP,56,5
2016postVFP,56,6
2016postVFP,56,7
2016postVFP,56,8
2016postVFP,57,0
2016postVFP,57,1
2016postVFP,57,2
2016postVFP,57,3
2016postVFP,57,4
2016postVFP,57,5
2016postVFP,57,6
2016postVFP,57,7
2017,0,0
2017,0,1
2017,0,2
2017,0,3
2017,0,4
2017,0,5
2017,0,6
2017,0,7
2017,0,8
2017,0,9
2017,0,10
2017,0,11
2017,0,12
2017,0,13
2017,0,14
2017,0,15
2017,0,16
2017,0,17
2017,0,18
2017,0,19
2017,0,20
2017,0,21
2017,0,22
2017,0,23
2017,0,24
2017,0,25
2017,0,26
2017,0,27
2017,0,28
2017,0,29
2017,0,30
2017,0,31
2017,0,32
2017,0,33
2017,0,34
2017,0,35
2017,0,36
2017,0,37
2017,0,38
2017,0,39
2017,0,40
2017,0,41
2017,0,42
2017,0,43
2017,0,44
2017,0,45
2017,0,46
2017,0,47
2017,0,48
2017,0,49
2017,0,50
2017,0,51
2017,0,52
2017,0,53
2017,0,54
2017,0,55
2017,0,56
2017,0,57
2017,0,58
2017,0,59
2017,0,60
2017,0,61
2017,0,62
2017,0,63
2017,0,64
2017,0,65
2017,0,66
2017,0,67
2017,0,68
2017,0,69
2017,0,70
2017,0,71
2017,0,72
2017,0,73
2017,0,74
2017,0,75
2017,0,76
2017,0,77
2017,0,78
2017,0,79
2017,0,80
2017,0,81
2017,0,82
2017,0,83
2017,0,84
2017,0,85
2017,0,86
2017,0,87
2017,0,88
2017,0,89
2017,0,90
2017,0,91
2017,0,92
2017,0,93
2017,0,94
2017,0,95
2017,0,96
2017,0,97
2017,0,98
2017,0,99
2017,0,100
2017,0,101
2017,0,102
2017,0,103
2017,0,104
2017,0,105
2017,0,106
2017,0,107
2017,0,108
2017,0,109
2017,0,110
2017,0,111
2017,0,112
2017,0,113
2017,0,114
2017,0,115
2017,0,116
2017,0,117
2017,0,118
2017,0,119
2017,0,120
2017,1,0
2017,2,0
2017,3,0
2017,4,0
2017,5,0
2017,6,0
2017,7,0
2017,8,0
2017,9,0
2017,10,0
2017,11,0
2017,11,1
2017,11,2
2017,11,3
2017,11,4
2017,11,5
2017,11,6
2017,12,0
2017,12,1
2017,12,2
2017,12,3
2017,12,4
2017,12,5
2017,12,6
2017,12,7
2017,12,8
2017,12,9
2017,12,10
2017,12,11
2017,12,12
2017,12,13
2017,13,0
2017,13,1
2017,13,2
2017,13,3
2017,13,4
2017,13,5
2017,13,6
2017,13,7
2017,13,8
2017,13,9
2017,13,10
2017,13,11
2017,13,12
2017,13,13
2017,13,14
2017,13,15
2017,13,16
2017,13,17
2017,13,18
2017,13,19
2017,13,20
2017,13,21
2017,13,22
2017,13,23
2017,14,0
2017,14,1
2017,14,2
2017,15,0
2017,15,1
2017,15,2
2017,16,0
2017,16,1
2017,16,2
2017,16,3
2017,16,4
2017,16,5
2017,16,6
2017,16,7
2017,16,8
2017,16,9
2017,16,10
2017,16,11
2017,16,12
2017,16,13
2017,16,14
2017,16,15
2017,16,16
2017,16,17
2017,16,18
2017,16,19
2017,16,20
2017,16,21
2017,16,22
2017,16,23
2017,16,24
2017,16,25
2017,16,26
2017,16,27
2017,16,28
2017,16,29
2017,16,30
2017,16,31
2017,16,32
2017,16,33
2017,16,34
2017,16,35
2017,16,36
2017,16,37
2017,16,38
2017,16,39
2017,16,40
2017,16,41
2017,16,42
2017,16,43
2017,16,44
2017,16,45
2017,16,46
2017,16,47
2017,16,48
2017,16,49
2017,16,50
2017,16,51
2017,16,52
2017,16,53
2017,16,54
2017,16,55
2017,16,56
2017,16,57
2017,16,58
2017,16,59
2017,16,60
2017,16,61
2017,16,62
2017,16,63
2017,16,64
2017,16,65
2017,16,66
2017,16,67
2017,16,68
2017,16,69
2017,16,70
2017,16,71
2017,16,72
2017,16,73
2017,16,74
2017,16,75
2017,16,76
2017,16,77
2017,16,78
2017,16,79
2017,16,80
2017,16,81
2017,16,82
2017,16,83
2017,16,84
2017,16,85
2017,16,86
2017,16,87
2017,16,88
2017,16,89
2017,16,90
2017,16,91
2017,16,92
2017,16,93
2017,16,94
2017,16,95
2017,16,96
2017,16,97
2017,16,98
2017,16,99
2017,16,100
2017,16,101
2017,16,102
2017,16,103
2017,16,104
2017,16,105
2017,16,106
2017,16,107
2017,16,108
2017,16,109
2017,16,110
2017,16,111
2017,16,112
2017,17,0
2017,17,1
2017,17,2
2017,17,3
2017,17,4
2017,17,5
2017,17,6
2017,17,7
2017,17,8
2017,17,9
2017,17,10
2017,17,11
2017,17,12
2017,17,13
2017,17,14
2017,17,15
2017,17,16
2017,17,17
2017,17,18
2017,17,19
2017,17,20
2017,17,21
2017,17,22
2017,17,23
2017,17,24
2017,17,25
2017,17,26
2017,17,27
2017,17,28
2017,17,29
2017,17,30
2017,17,31
2017,17,32
2017,17,33
2017,17,34
2017,17,35
2017,17,36
2017,17,37
2017,17,38
2017,17,39
2017,17,40
2017,17,41
2017,17,42
2017,17,43
2017,17,44
2017,17,45
2017,17,46
2017,17,47
2017,17,48
2017,17,49
2017,17,50
2017,17,51
2017,17,52
2017,17,53
2017,17,54
2017,17,55
2017,17,56
2017,17,57
2017,17,58
2017,17,59
2017,17,60
2017,17,61
2017,17,62
2017,17,63
2017,17,64
2017,17,65
2017,17,66
2017,17,67
2017,17,68
2017,17,69
2017,17,70
2017,17,71
2017,17,72
2017,17,73
2017,17,74
2017,17,75
2017,17,76
2017,17,77
2017,17,78
2017,17,79
2017,17,80
2017,17,81
2017,17,82
2017,17,83
2017,17,84
2017,17,85
2017,17,86
2017,17,87
2017,17,88
2017,17,89
2017,17,90
2017,17,91
2017,17,92
2017,17,93
2017,17,94
2017,17,95
2017,17,96
2017,17,97
2017,17,98
2017,17,99
2017,17,100
2017,17,101
2017,17,102
2017,17,103
2017,17,104
2017,17,105
2017,17,106
2017,17,107
2017,17,108
2017,17,109
2017,17,110
2017,17,111
2017,17,112
2017,17,113
2017,17,114
2017,17,115
2017,17,116
2017,17,117
2017,17,118
2017,17,119
2017,17,120
2017,17,121
2017,17,122
2017,17,123
2017,17,124
2017,17,125
2017,17,126
2017,17,127
2017,17,128
2017,17,129
2017,17,130
2017,17,131
2017,17,132
2017,17,133
2017,17,134
2017,17,135
2017,17,136
2017,17,137
2017,17,138
2017,17,139
2017,17,140
2017,17,141
2017,17,142
2017,17,143
2017,17,144
2017,17,145
2017,17,146
2017,17,147
2017,17,148
2017,17,149
2017,17,150
2017,17,151
2017,17,152
2017,17,153
2017,17,154
2017,17,155
2017,17,156
2017,17,157
2017,17,158
2017,17,159
2017,17,160
2017,17,161
2017,17,162
2017,17,163
2017,17,164
2017,17,165
2017,17,166
2017,17,167
2017,17,168
2017,17,169
2017,17,170
2017,17,171
2017,17,172
2017,17,173
2017,17,174
2017,17,175
2017,17,176
2017,17,177
2017,17,178
2017,17,179
2017,17,180
2017,17,181
2017,17,182
2017,17,183
2017,17,184
2017,17,185
2017,17,186
2017,17,187
2017,17,188
2017,17,189
2017,17,190
2017,17,191
2017,17,192
2017,17,193
2017,17,194
2017,17,195
2017,17,196
2017,17,197
2017,17,198
2017,17,199
2017,17,200
2017,17,201
2017,17,202
2017,17,203
2017,17,204
2017,17,205
2017,17,206
2017,17,207
2017,17,208
2017,17,209
2017,17,210
2017,17,211
2017,18,0
2017,19,0
2017,19,1
2017,19,2
2017,19,3
2017,19,4
2017,19,5
2017,20,0
2017,20,1
2017,20,2
2017,20,3
2017,21,0
2017,21,1
2017,21,2
2017,22,0
2017,22,1
2017,22,2
2017,22,3
2017,22,4
2017,22,5
2017,22,6
2017,22,7
2017,22,8
2017,22,9
2017,22,10
2017,22,11
2017,22,12
2017,22,13
2017,22,14
2017,22,15
2017,22,16
2017,22,17
2017,22,18
2017,22,19
2017,22,20
2017,22,21
2017,22,22
2017,22,23
2017,22,24
2017,22,25
2017,22,26
2017,22,27
2017,22,28
2017,22,29
2017,22,30
2017,22,31
2017,22,32
2017,22,33
2017,22,34
2017,22,35
2017,22,36
2017,22,37
2017,22,38
2017,22,39
2017,22,40
2017,22,41
2017,22,42
2017,22,43
2017,22,44
2017,22,45
2017,22,46
2017,22,47
2017,23,0
2017,23,1
2017,23,2
2017,23,3
2017,23,4
2017,24,0
2017,24,1
2017,24,2
2017,24,3
2017,24,4
2017,24,5
2017,25,0
2017,25,1
2017,25,2
2017,25,3
2017,25,4
2017,25,5
2017,25,6
2017,25,7
2017,25,8
2017,25,9
2017,25,10
2017,25,11
2017,25,12
2017,25,13
2017,25,14
2017,25,15
2017,25,16
2017,26,0
2017,26,1
2017,26,2
2017,26,3
2017,26,4
2017,26,5
2017,26,6
2017,27,0
2017,27,1
2017,27,2
2017,27,3
2017,27,4
2017,27,5
2017,27,6
2017,27,7
2017,27,8
2017,27,9
2017,27,10
2017,27,11
2017,27,12
2017,27,13
2017,27,14
2017,27,15
2017,27,16
2017,27,17
2017,27,18
2017,27,19
2017,27,20
2017,27,21
2017,27,22
2017,27,23
2017,28,0
2017,28,1
2017,28,2
2017,28,3
2017,28,4
2017,28,5
2017,28,6
2017,28,7
2017,28,8
2017,28,9
2017,28,10
2017,28,11
2017,28,12
2017,28,13
2017,28,14
2017,28,15
2017,28,16
2017,28,17
2017,28,18
2017,29,0
2017,29,1
2017,29,2
2017,29,3
2017,29,4
2017,29,5
2017,29,6
2017,29,7
2017,29,8
2017,29,9
2017,29,10
2017,29,11
2017,29,12
2017,29,13
2017,29,14
2017,29,15
2017,29,16
2017,29,17
2017,29,18
2017,29,19
2017,29,20
2017,29,21
2017,29,22
2017,29,23
2017,29,24
2017,29,25
2017,29,26
2017,29,27
2017,29,28
2017,29,29
2017,29,30
2017,29,31
2017,29,32
2017,29,33
2017,29,34
2017,29,35
2017,29,36
2017,29,37
2017,29,38
2017,29,39
2017,29,40
2017,29,41
2017,29,42
2017,29,43
2017,29,44
2017,29,45
2017,29,46
2017,30,0
2017,30,1
2017,30,2
2017,30,3
2017,30,4
2017,30,5
2017,30,6
2017,30,7
2017,30,8
2017,30,9
2017,30,10
2017,30,11
2017,30,12
2017,30,13
2017,30,14
2017,30,15
2017,30,16
2017,30,17
2017,30,18
2017,30,19
2017,30,20
2017,30,21
2017,30,22
2017,30,23
2017,30,24
2017,30,25
2017,30,26
2017,30,27
2017,30,28
2017,30,29
2017,30,30
2017,30,31
2017,30,32
2017,30,33
2017,30,34
2017,31,0
2017,31,1
2017,31,2
2017,31,3
2017,31,4
2017,31,5
2017,31,6
2017,31,7
2017,31,8
2017,31,9
2017,31,10
2017,31,11
2017,31,12
2017,31,13
2017,31,14
2017,31,15
2017,31,16
2017,31,17
2017,31,18
2017,31,19
2017,31,20
2017,31,21
2017,31,22
2017,31,23
2017,31,24
2017,31,25
2017,31,26
2017,31,27
2017,31,28
2017,31,29
2017,31,30
2017,31,31
2017,31,32
2017,31,33
2017,31,34
2017,31,35
2017,31,36
2017,31,37
2017,31,38
2017,31,39
2017,31,40
2017,31,41
2017,31,42
2017,31,43
2017,31,44
2017,31,45
2017,31,46
2017,31,47
2017,31,48
2017,31,49
2017,31,50
2017,31,51
2017,31,52
2017,31,53
2017,31,54
2017,31,55
2017,31,56
2017,31,57
2017,31,58
2017,31,59
2017,31,60
2017,31,61
2017,31,62
2017,31,63
2017,31,64
2017,31,65
2017,31,66
2017,31,67
2017,31,68
2017,31,69
2017,31,70
2017,31,71
2017,31,72
2017,31,73
2017,31,74
2017,31,75
2017,31,76
2017,31,77
2017,31,78
2017,31,79
2017,31,80
2017,32,0
2017,32,1
2017,32,2
2017,32,3
2017,32,4
2017,32,5
2017,32,6
2017,32,7
2017,32,8
2017,32,9
2017,32,10
2017,32,11
2017,32,12
2017,32,13
2017,32,14
2017,32,15
2017,32,16
2017,32,17
2017,32,18
2017,32,19
2017,32,20
2017,32,21
2017,32,22
2017,32,23
2017,32,24
2017,32,25
2017,32,26
2017,32,27
2017,32,28
2017,32,29
2017,32,30
2017,32,31
2017,32,32
2017,32,33
2017,33,0
2017,33,1
2017,33,2
2017,33,3
2017,33,4
2017,33,5
2017,33,6
2017,33,7
2017,33,8
2017,33,9
2017,33,10
2017,33,11
2017,33,12
2017,33,13
2017,33,14
2017,33,15
2017,33,16
2017,33,17
2017,33,18
2017,33,19
2017,33,20
2017,33,21
2017,33,22
2017,33,23
2017,33,24
2017,33,25
2017,33,26
2017,33,27
2017,33,28
2017,33,29
2017,33,30
2017,33,31
2017,33,32
2017,33,33
2017,33,34
2017,33,35
2017,33,36
2017,33,37
2017,33,38
2017,33,39
2017,33,40
2017,33,41
2017,33,42
2017,33,43
2017,33,44
2017,33,45
2017,33,46
2017,33,47
2017,33,48
2017,33,49
2017,33,50
2017,33,51
2017,33,52
2017,33,53
2017,33,54
2017,33,55
2017,33,56
2017,33,57
2017,33,58
2017,33,59
2017,33,60
2017,33,61
2017,33,62
2017,33,63
2017,33,64
2017,33,65
2017,33,66
2017,33,67
2017,33,68
2017,34,0
2017,34,1
2017,34,2
2017,34,3
2017,34,4
2017,34,5
2017,34,6
2017,34,7
2017,34,8
2017,34,9
2017,34,10
2017,34,11
2017,34,12
2017,34,13
2017,34,14
2017,34,15
2017,34,16
2017,34,17
2017,34,18
2017,34,19
2017,34,20
2017,34,21
2017,34,22
2017,34,23
2017,34,24
2017,34,25
2017,34,26
2017,34,27
2017,34,28
2017,34,29
2017,34,30
2017,34,31
2017,34,32
2017,34,33
2017,34,34
2017,34,35
2017,34,36
2017,34,37
2017,34,38
2017,34,39
2017,34,40
2017,34,41
2017,34,42
2017,34,43
2017,34,44
2017,34,45
2017,34,46
2017,34,47
2017,34,48
2017,34,49
2017,34,50
2017,34,51
2017,34,52
2017,34,53
2017,34,54
2017,34,55
2017,34,56
2017,34,57
2017,34,58
2017,34,59
2017,34,60
2017,34,61
2017,34,62
2017,34,63
2017,34,64
2017,34,65
2017,34,66
2017,34,67
2017,34,68
2017,34,69
2017,34,70
2017,34,71
2017,34,72
2017,34,73
2017,34,74
2017,34,75
2017,34,76
2017,34,77
2017,34,78
2017,34,79
2017,34,80
2017,34,81
2017,34,82
2017,34,83
2017,34,84
2017,34,85
2017,35,0
2017,35,1
2017,35,2
2017,35,3
2017,35,4
2017,35,5
2017,35,6
2017,35,7
2017,35,8
2017,35,9
2017,35,10
2017,35,11
2017,35,12
2017,35,13
2017,35,14
2017,35,15
2017,35,16
2017,35,17
2017,35,18
2017,35,19
2017,35,20
2017,35,21
2017,35,22
2017,35,23
2017,35,24
2017,35,25
2017,35,26
2017,35,27
2017,35,28
2017,35,29
2017,35,30
2017,35,31
2017,35,32
2017,35,33
2017,35,34
2017,35,35
2017,35,36
2017,35,37
2017,35,38
2017,35,39
2017,35,40
2017,35,41
2017,35,42
2017,35,43
2017,35,44
2017,35,45
2017,35,46
2017,35,47
2017,35,48
2017,35,49
2017,35,50
2017,35,51
2017,35,52
2017,35,53
2017,35,54
2017,35,55
2017,35,56
2017,35,57
2017,35,58
2017,35,59
2017,35,60
2017,35,61
2017,35,62
2017,36,0
2017,36,1
2017,36,2
2017,36,3
2017,36,4
2017,36,5
2017,36,6
2017,36,7
2017,36,8
2017,36,9
2017,36,10
2017,36,11
2017,36,12
2017,36,13
2017,36,14
2017,36,15
2017,36,16
2017,36,17
2017,36,18
2017,36,19
2017,36,20
2017,36,21
2017,36,22
2017,36,23
2017,36,24
2017,36,25
2017,36,26
2017,36,27
2017,36,28
2017,36,29
2017,36,30
2017,36,31
2017,36,32
2017,36,33
2017,36,34
2017,36,35
2017,36,36
2017,36,37
2017,36,38
2017,36,39
2017,36,40
2017,36,41
2017,36,42
2017,36,43
2017,36,44
2017,36,45
2017,36,46
2017,36,47
2017,36,48
2017,36,49
2017,36,50
2017,36,51
2017,36,52
2017,36,53
2017,36,54
2017,36,55
2017,36,56
2017,36,57
2017,36,58
2017,36,59
2017,36,60
2017,36,61
2017,36,62
2017,36,63
2017,36,64
2017,36,65
2017,36,66
2017,36,67
2017,36,68
2017,36,69
2017,36,70
2017,36,71
2017,36,72
2017,36,73
2017,36,74
2017,36,75
2017,36,76
2017,36,77
2017,36,78
2017,36,79
2017,36,80
2017,36,81
2017,36,82
2017,36,83
2017,36,84
2017,36,85
2017,36,86
2017,36,87
2017,36,88
2017,36,89
2017,36,90
2017,36,91
2017,36,92
2017,36,93
2017,36,94
2017,36,95
2017,36,96
2017,36,97
2017,36,98
2017,36,99
2017,36,100
2017,36,101
2017,36,102
2017,36,103
2017,36,104
2017,36,105
2017,36,106
2017,36,107
2017,36,108
2017,36,109
2017,36,110
2017,36,111
2017,36,112
2017,36,113
2017,36,114
2017,36,115
2017,36,116
2017,36,117
2017,36,118
2017,36,119
2017,36,120
2017,36,121
2017,36,122
2017,36,123
2017,36,124
2017,36,125
2017,36,126
2017,36,127
2017,36,128
2017,36,129
2017,36,130
2017,36,131
2017,36,132
2017,36,133
2017,36,134
2017,36,135
2017,36,136
2017,36,137
2017,36,138
2017,36,139
2017,36,140
2017,36,141
2017,36,142
2017,36,143
2017,36,144
2017,36,145
2017,36,146
2017,36,147
2017,36,148
2017,36,149
2017,36,150
2017,36,151
2017,36,152
2017,36,153
2017,36,154
2017,36,155
2017,36,156
2017,36,157
2017,36,158
2017,36,159
2017,36,160
2017,36,161
2017,36,162
2017,36,163
2017,36,164
2017,36,165
2017,36,166
2017,36,167
2017,36,168
2017,36,169
2017,36,170
2017,36,171
2017,36,172
2017,36,173
2017,37,0
2017,37,1
2017,37,2
2017,37,3
2017,37,4
2017,37,5
2017,37,6
2017,37,7
2017,37,8
2017,37,9
2017,37,10
2017,37,11
2017,37,12
2017,37,13
2017,37,14
2017,37,15
2017,37,16
2017,37,17
2017,37,18
2017,37,19
2017,37,20
2017,37,21
2017,37,22
2017,37,23
2017,37,24
2017,37,25
2017,37,26
2017,37,27
2017,37,28
2017,37,29
2017,37,30
2017,37,31
2017,37,32
2017,37,33
2017,37,34
2017,37,35
2017,37,36
2017,37,37
2017,37,38
2017,37,39
2017,37,40
2017,37,41
2017,37,42
2017,37,43
2017,37,44
2017,37,45
2017,37,46
2017,37,47
2017,37,48
2017,37,49
2017,37,50
2017,37,51
2017,37,52
2017,37,53
2017,37,54
2017,37,55
2017,37,56
2017,37,57
2017,37,58
2017,37,59
2017,37,60
2017,37,61
2017,37,62
2017,37,63
2017,37,64
2017,37,65
2017,37,66
2017,37,67
2017,37,68
2017,37,69
2017,37,70
2017,37,71
2017,37,72
2017,37,73
2017,38,0
2017,38,1
2017,38,2
2017,38,3
2017,38,4
2017,38,5
2017,38,6
2017,38,7
2017,38,8
2017,38,9
2017,38,10
2017,38,11
2017,38,12
2017,38,13
2017,38,14
2017,38,15
2017,38,16
2017,38,17
2017,38,18
2017,38,19
2017,38,20
2017,38,21
2017,38,22
2017,38,23
2017,38,24
2017,38,25
2017,38,26
2017,38,27
2017,38,28
2017,38,29
2017,38,30
2017,38,31
2017,38,32
2017,38,33
2017,38,34
2017,38,35
2017,38,36
2017,38,37
2017,38,38
2017,38,39
2017,38,40
2017,38,41
2017,38,42
2017,38,43
2017,38,44
2017,38,45
2017,38,46
2017,38,47
2017,38,48
2017,38,49
2017,38,50
2017,38,51
2017,38,52
2017,38,53
2017,38,54
2017,38,55
2017,38,56
2017,38,57
2017,38,58
2017,38,59
2017,38,60
2017,38,61
2017,38,62
2017,38,63
2017,38,64
2017,38,65
2017,38,66
2017,38,67
2017,38,68
2017,38,69
2017,38,70
2017,38,71
2017,38,72
2017,38,73
2017,38,74
2017,38,75
2017,38,76
2017,38,77
2017,38,78
2017,38,79
2017,38,80
2017,38,81
2017,38,82
2017,38,83
2017,38,84
2017,38,85
2017,38,86
2017,38,87
2017,38,88
2017,38,89
2017,38,90
2017,38,91
2017,38,92
2017,38,93
2017,38,94
2017,38,95
2017,38,96
2017,38,97
2017,38,98
2017,38,99
2017,38,100
2017,38,101
2017,38,102
2017,38,103
2017,38,104
2017,38,105
2017,38,106
2017,38,107
2017,38,108
2017,38,109
2017,38,110
2017,38,111
2017,38,112
2017,38,113
2017,38,114
2017,38,115
2017,38,116
2017,38,117
2017,38,118
2017,38,119
2017,38,120
2017,38,121
2017,38,122
2017,38,123
2017,38,124
2017,38,125
2017,38,126
2017,38,127
2017,38,128
2017,38,129
2017,38,130
2017,38,131
2017,38,132
2017,38,133
2017,38,134
2017,38,135
2017,38,136
2017,38,137
2017,38,138
2017,38,139
2017,38,140
2017,38,141
2017,38,142
2017,38,143
2017,38,144
2017,38,145
2017,38,146
2017,38,147
2017,38,148
2017,38,149
2017,38,150
2017,38,151
2017,38,152
2017,38,153
2017,38,154
2017,38,155
2017,38,156
2017,38,157
2017,38,158
2017,39,0
2017,39,1
2017,39,2
2017,39,3
2017,39,4
2017,39,5
2017,39,6
2017,39,7
2017,39,8
2017,39,9
2017,39,10
2017,39,11
2017,39,12
2017,39,13
2017,39,14
2017,39,15
2017,39,16
2017,39,17
2017,39,18
2017,39,19
2017,39,20
2017,39,21
2017,39,22
2017,39,23
2017,39,24
2017,39,25
2017,39,26
2017,39,27
2017,39,28
2017,39,29
2017,39,30
2017,39,31
2017,39,32
2017,39,33
2017,39,34
2017,39,35
2017,39,36
2017,39,37
2017,39,38
2017,39,39
2017,39,40
2017,39,41
2017,39,42
2017,39,43
2017,39,44
2017,39,45
2017,39,46
2017,39,47
2017,39,48
2017,39,49
2017,39,50
2017,39,51
2017,39,52
2017,39,53
2017,39,54
2017,39,55
2017,39,56
2017,39,57
2017,39,58
2017,39,59
2017,39,60
2017,39,61
2017,39,62
2017,39,63
2017,39,64
2017,39,65
2017,39,66
2017,39,67
2017,39,68
2017,39,69
2017,39,70
2017,39,71
2017,39,72
2017,39,73
2017,39,74
2017,39,75
2017,39,76
2017,39,77
2017,39,78
2017,39,79
2017,39,80
2017,39,81
2017,39,82
2017,39,83
2017,39,84
2017,39,85
2017,39,86
2017,39,87
2017,39,88
2017,39,89
2017,39,90
2017,39,91
2017,39,92
2017,39,93
2017,39,94
2017,39,95
2017,39,96
2017,39,97
2017,39,98
2017,39,99
2017,39,100
2017,39,101
2017,39,102
2017,39,103
2017,39,104
2017,39,105
2017,39,106
2017,39,107
2017,39,108
2017,39,109
2017,39,110
2017,39,111
2017,39,112
2017,39,113
2017,39,114
2017,39,115
2017,39,116
2017,39,117
2017,39,118
2017,39,119
2017,39,120
2017,39,121
2017,39,122
2017,39,123
2017,39,124
2017,39,125
2017,39,126
2017,39,127
2017,39,128
2017,39,129
2017,39,130
2017,39,131
2017,39,132
2017,39,133
2017,39,134
2017,39,135
2017,39,136
2017,39,137
2017,39,138
2017,39,139
2017,39,140
2017,39,141
2017,39,142
2017,39,143
2017,39,144
2017,39,145
2017,39,146
2017,39,147
2017,39,148
2017,39,149
2017,39,150
2017,39,151
2017,39,152
2017,39,153
2017,39,154
2017,39,155
2017,39,156
2017,39,157
2017,39,158
2017,39,159
2017,39,160
2017,39,161
2017,39,162
2017,39,163
2017,39,164
2017,39,165
2017,39,166
2017,39,167
2017,39,168
2017,39,169
2017,39,170
2017,39,171
2017,39,172
2017,39,173
2017,39,174
2017,39,175
2017,39,176
2017,39,177
2017,39,178
2017,39,179
2017,39,180
2017,39,181
2017,39,182
2017,39,183
2017,39,184
2017,39,185
2017,39,186
2017,39,187
2017,39,188
2017,39,189
2017,39,190
2017,39,191
2017,39,192
2017,39,193
2017,39,194
2017,39,195
2017,39,196
2017,39,197
2017,39,198
2017,39,199
2017,39,200
2017,39,201
2017,39,202
2017,39,203
2017,39,204
2017,39,205
2017,39,206
2017,39,207
2017,39,208
2017,39,209
2017,39,210
2017,39,211
2017,39,212
2017,39,213
2017,39,214
2017,39,215
2017,39,216
2017,39,217
2017,39,218
2017,39,219
2017,39,220
2017,39,221
2017,39,222
2017,39,223
2017,39,224
2017,39,225
2017,39,226
2017,40,0
2017,40,1
2017,40,2
2017,40,3
2017,40,4
2017,40,5
2017,40,6
2017,40,7
2017,40,8
2017,40,9
2017,40,10
2017,40,11
2017,40,12
2017,41,0
2017,41,1
2017,42,0
2017,42,1
2017,42,2
2017,42,3
2017,43,0
2017,44,0
2017,44,1
2017,45,0
2017,45,1
2017,45,2
2017,45,3
2017,45,4
2017,45,5
2017,45,6
2017,45,7
2017,45,8
2017,45,9
2017,45,10
2017,46,0
2017,46,1
2017,46,2
2017,46,3
2017,46,4
2017,47,0
2017,47,1
2017,48,0
2017,48,1
2017,48,2
2017,48,3
2017,48,4
2017,48,5
2017,48,6
2017,48,7
2017,48,8
2017,49,0
2017,50,0
2017,51,0
2017,52,0
2017,53,0
2017,54,0
2017,55,0
2017,56,0
2017,57,0
2017,58,0
2017,59,0
2017,60,0
2017,60,1
2017,60,2
2017,60,3
2017,60,4
2017,60,5
2017,60,6
2017,60,7
2017,60,8
2017,60,9
2017,60,10
2017,60,11
2017,60,12
2017,60,13
2017,60,14
2017,60,15
2017,61,0
2017,61,1
2017,61,2
2017,61,3
2017,61,4
2017,61,5
2017,61,6
2017,61,7
2017,61,8
2017,61,9
2017,61,10
2017,61,11
2017,61,12
2017,61,13
2017,61,14
2017,61,15
2018,0,0
2018,0,1
2018,0,2
2018,0,3
2018,0,4
2018,0,5
2018,0,6
2018,0,7
2018,0,8
2018,0,9
2018,0,10
2018,0,11
2018,0,12
2018,0,13
2018,0,14
2018,0,15
2018,0,16
2018,0,17
2018,0,18
2018,0,19
2018,0,20
2018,0,21
2018,0,22
2018,0,23
2018,0,24
2018,0,25
2018,0,26
2018,0,27
2018,0,28
2018,0,29
2018,0,30
2018,0,31
2018,0,32
2018,0,33
2018,0,34
2018,0,35
2018,0,36
2018,0,37
2018,0,38
2018,0,39
2018,0,40
2018,0,41
2018,0,42
2018,0,43
2018,0,44
2018,0,45
2018,0,46
2018,0,47
2018,0,48
2018,0,49
2018,0,50
2018,0,51
2018,0,52
2018,0,53
2018,0,54
2018,0,55
2018,0,56
2018,0,57
2018,0,58
2018,0,59
2018,0,60
2018,0,61
2018,0,62
2018,0,63
2018,0,64
2018,1,0
2018,2,0
2018,3,0
2018,4,0
2018,5,0
2018,6,0
2018,7,0
2018,8,0
2018,9,0
2018,10,0
2018,10,1
2018,10,2
2018,10,3
2018,10,4
2018,10,5
2018,10,6
2018,10,7
2018,10,8
2018,10,9
2018,10,10
2018,11,0
2018,11,1
2018,11,2
2018,11,3
2018,11,4
2018,11,5
2018,11,6
2018,11,7
2018,11,8
2018,11,9
2018,11,10
2018,11,11
2018,11,12
2018,11,13
2018,11,14
2018,11,15
2018,11,16
2018,11,17
2018,11,18
2018,11,19
2018,11,20
2018,12,0
2018,12,1
2018,12,2
2018,12,3
2018,12,4
2018,12,5
2018,12,6
2018,12,7
2018,12,8
2018,12,9
2018,12,10
2018,12,11
2018,12,12
2018,12,13
2018,12,14
2018,12,15
2018,12,16
2018,12,17
2018,12,18
2018,12,19
2018,12,20
2018,12,21
2018,12,22
2018,12,23
2018,12,24
2018,12,25
2018,12,26
2018,12,27
2018,12,28
2018,12,29
2018,12,30
2018,12,31
2018,12,32
2018,12,33
2018,12,34
2018,12,35
2018,13,0
2018,13,1
2018,13,2
2018,13,3
2018,14,0
2018,14,1
2018,14,2
2018,14,3
2018,15,0
2018,15,1
2018,15,2
2018,15,3
2018,15,4
2018,15,5
2018,15,6
2018,15,7
2018,15,8
2018,15,9
2018,15,10
2018,15,11
2018,15,12
2018,15,13
2018,15,14
2018,15,15
2018,15,16
2018,15,17
2018,15,18
2018,15,19
2018,15,20
2018,15,21
2018,15,22
2018,15,23
2018,15,24
2018,15,25
2018,15,26
2018,15,27
2018,15,28
2018,15,29
2018,15,30
2018,15,31
2018,15,32
2018,15,33
2018,15,34
2018,15,35
2018,15,36
2018,15,37
2018,15,38
2018,15,39
2018,15,40
2018,15,41
2018,15,42
2018,15,43
2018,15,44
2018,15,45
2018,15,46
2018,15,47
2018,15,48
2018,15,49
2018,15,50
2018,15,51
2018,15,52
2018,15,53
2018,15,54
2018,15,55
2018,15,56
2018,15,57
2018,15,58
2018,15,59
2018,15,60
2018,15,61
2018,15,62
2018,15,63
2018,15,64
2018,15,65
2018,15,66
2018,15,67
2018,15,68
2018,15,69
2018,15,70
2018,15,71
2018,15,72
2018,15,73
2018,15,74
2018,15,75
2018,15,76
2018,15,77
2018,15,78
2018,15,79
2018,15,80
2018,15,81
2018,15,82
2018,15,83
2018,15,84
2018,15,85
2018,15,86
2018,15,87
2018,15,88
2018,15,89
2018,15,90
2018,15,91
2018,15,92
2018,15,93
2018,15,94
2018,15,95
2018,15,96
2018,15,97
2018,15,98
2018,15,99
2018,15,100
2018,15,101
2018,15,102
2018,15,103
2018,15,104
2018,15,105
2018,15,106
2018,15,107
2018,15,108
2018,15,109
2018,15,110
2018,15,111
2018,15,112
2018,15,113
2018,15,114
2018,15,115
2018,15,116
2018,15,117
2018,15,118
2018,15,119
2018,15,120
2018,15,121
2018,15,122
2018,15,123
2018,15,124
2018,15,125
2018,15,126
2018,15,127
2018,15,128
2018,15,129
2018,15,130
2018,15,131
2018,15,132
2018,15,133
2018,15,134
2018,15,135
2018,15,136
2018,15,137
2018,15,138
2018,15,139
2018,15,140
2018,15,141
2018,15,142
2018,15,143
2018,15,144
2018,15,145
2018,15,146
2018,15,147
2018,15,148
2018,15,149
2018,15,150
2018,15,151
2018,15,152
2018,15,153
2018,15,154
2018,15,155
2018,15,156
2018,15,157
2018,15,158
2018,15,159
2018,15,160
2018,15,161
2018,15,162
2018,16,0
2018,16,1
2018,16,2
2018,16,3
2018,16,4
2018,16,5
2018,16,6
2018,16,7
2018,16,8
2018,16,9
2018,16,10
2018,16,11
2018,16,12
2018,16,13
2018,16,14
2018,16,15
2018,16,16
2018,16,17
2018,16,18
2018,16,19
2018,16,20
2018,16,21
2018,16,22
2018,16,23
2018,16,24
2018,16,25
2018,16,26
2018,16,27
2018,16,28
2018,16,29
2018,16,30
2018,16,31
2018,16,32
2018,16,33
2018,16,34
2018,16,35
2018,16,36
2018,16,37
2018,16,38
2018,16,39
2018,16,40
2018,16,41
2018,16,42
2018,16,43
2018,16,44
2018,16,45
2018,16,46
2018,16,47
2018,16,48
2018,16,49
2018,16,50
2018,16,51
2018,16,52
2018,16,53
2018,16,54
2018,16,55
2018,16,56
2018,16,57
2018,16,58
2018,16,59
2018,16,60
2018,16,61
2018,16,62
2018,16,63
2018,16,64
2018,16,65
2018,16,66
2018,16,67
2018,16,68
2018,16,69
2018,16,70
2018,16,71
2018,16,72
2018,16,73
2018,16,74
2018,16,75
2018,16,76
2018,16,77
2018,16,78
2018,16,79
2018,16,80
2018,16,81
2018,16,82
2018,16,83
2018,16,84
2018,16,85
2018,16,86
2018,16,87
2018,16,88
2018,16,89
2018,16,90
2018,16,91
2018,16,92
2018,16,93
2018,16,94
2018,16,95
2018,16,96
2018,16,97
2018,16,98
2018,16,99
2018,16,100
2018,16,101
2018,16,102
2018,16,103
2018,16,104
2018,16,105
2018,16,106
2018,16,107
2018,16,108
2018,16,109
2018,16,110
2018,16,111
2018,16,112
2018,16,113
2018,16,114
2018,16,115
2018,16,116
2018,16,117
2018,16,118
2018,16,119
2018,16,120
2018,16,121
2018,16,122
2018,16,123
2018,16,124
2018,16,125
2018,16,126
2018,16,127
2018,16,128
2018,16,129
2018,16,130
2018,16,131
2018,16,132
2018,16,133
2018,16,134
2018,16,135
2018,16,136
2018,16,137
2018,16,138
2018,16,139
2018,16,140
2018,16,141
2018,16,142
2018,16,143
2018,16,144
2018,16,145
2018,16,146
2018,16,147
2018,16,148
2018,16,149
2018,16,150
2018,16,151
2018,16,152
2018,16,153
2018,16,154
2018,16,155
2018,16,156
2018,16,157
2018,16,158
2018,16,159
2018,16,160
2018,16,161
2018,16,162
2018,16,163
2018,16,164
2018,16,165
2018,16,166
2018,16,167
2018,16,168
2018,16,169
2018,16,170
2018,16,171
2018,16,172
2018,16,173
2018,16,174
2018,16,175
2018,16,176
2018,16,177
2018,16,178
2018,16,179
2018,16,180
2018,16,181
2018,16,182
2018,16,183
2018,16,184
2018,16,185
2018,16,186
2018,16,187
2018,16,188
2018,16,189
2018,16,190
2018,16,191
2018,16,192
2018,16,193
2018,16,194
2018,16,195
2018,16,196
2018,16,197
2018,16,198
2018,16,199
2018,16,200
2018,16,201
2018,16,202
2018,16,203
2018,16,204
2018,16,205
2018,16,206
2018,16,207
2018,16,208
2018,16,209
2018,16,210
2018,16,211
2018,16,212
2018,16,213
2018,16,214
2018,16,215
2018,16,216
2018,16,217
2018,16,218
2018,16,219
2018,16,220
2018,16,221
2018,16,222
2018,16,223
2018,16,224
2018,16,225
2018,16,226
2018,16,227
2018,16,228
2018,16,229
2018,16,230
2018,16,231
2018,16,232
2018,16,233
2018,16,234
2018,16,235
2018,16,236
2018,16,237
2018,16,238
2018,16,239
2018,16,240
2018,16,241
2018,16,242
2018,16,243
2018,16,244
2018,16,245
2018,16,246
2018,16,247
2018,16,248
2018,16,249
2018,16,250
2018,16,251
2018,16,252
2018,16,253
2018,16,254
2018,16,255
2018,16,256
2018,16,257
2018,16,258
2018,16,259
2018,16,260
2018,16,261
2018,16,262
2018,16,263
2018,16,264
2018,16,265
2018,16,266
2018,16,267
2018,16,268
2018,16,269
2018,16,270
2018,16,271
2018,16,272
2018,16,273
2018,16,274
2018,16,275
2018,16,276
2018,16,277
2018,16,278
2018,16,279
2018,16,280
2018,16,281
2018,16,282
2018,16,283
2018,16,284
2018,16,285
2018,16,286
2018,16,287
2018,16,288
2018,16,289
2018,16,290
2018,16,291
2018,16,292
2018,16,293
2018,16,294
2018,16,295
2018,16,296
2018,16,297
2018,16,298
2018,16,299
2018,16,300
2018,16,301
2018,16,302
2018,16,303
2018,16,304
2018,16,305
2018,16,306
2018,16,307
2018,16,308
2018,16,309
2018,16,310
2018,16,311
2018,16,312
2018,16,313
2018,16,314
2018,16,315
2018,16,316
2018,17,0
2018,18,0
2018,19,0
2018,20,0
2018,21,0
2018,21,1
2018,21,2
2018,21,3
2018,21,4
2018,21,5
2018,21,6
2018,21,7
2018,21,8
2018,21,9
2018,21,10
2018,22,0
2018,22,1
2018,22,2
2018,22,3
2018,22,4
2018,22,5
2018,23,0
2018,23,1
2018,23,2
2018,23,3
2018,23,4
2018,23,5
2018,23,6
2018,23,7
2018,23,8
2018,23,9
2018,24,0
2018,24,1
2018,24,2
2018,24,3
2018,24,4
2018,24,5
2018,24,6
2018,24,7
2018,24,8
2018,24,9
2018,24,10
2018,24,11
2018,24,12
2018,24,13
2018,24,14
2018,24,15
2018,24,16
2018,24,17
2018,25,0
2018,25,1
2018,25,2
2018,25,3
2018,25,4
2018,25,5
2018,25,6
2018,26,0
2018,26,1
2018,26,2
2018,26,3
2018,26,4
2018,26,5
2018,26,6
2018,26,7
2018,26,8
2018,26,9
2018,26,10
2018,26,11
2018,26,12
2018,26,13
2018,26,14
2018,26,15
2018,26,16
2018,26,17
2018,26,18
2018,26,19
2018,26,20
2018,26,21
2018,26,22
2018,26,23
2018,26,24
2018,26,25
2018,26,26
2018,26,27
2018,26,28
2018,26,29
2018,26,30
2018,26,31
2018,26,32
2018,26,33
2018,26,34
2018,26,35
2018,27,0
2018,27,1
2018,27,2
2018,27,3
2018,27,4
2018,27,5
2018,27,6
2018,27,7
2018,27,8
2018,27,9
2018,27,10
2018,27,11
2018,27,12
2018,27,13
2018,27,14
2018,27,15
2018,27,16
2018,27,17
2018,27,18
2018,27,19
2018,28,0
2018,28,1
2018,28,2
2018,28,3
2018,28,4
2018,28,5
2018,28,6
2018,28,7
2018,28,8
2018,28,9
2018,28,10
2018,28,11
2018,28,12
2018,28,13
2018,28,14
2018,28,15
2018,28,16
2018,28,17
2018,28,18
2018,28,19
2018,28,20
2018,28,21
2018,28,22
2018,28,23
2018,28,24
2018,28,25
2018,28,26
2018,28,27
2018,28,28
2018,28,29
2018,28,30
2018,28,31
2018,28,32
2018,28,33
2018,28,34
2018,28,35
2018,28,36
2018,28,37
2018,28,38
2018,28,39
2018,28,40
2018,28,41
2018,28,42
2018,28,43
2018,28,44
2018,28,45
2018,28,46
2018,28,47
2018,28,48
2018,28,49
2018,28,50
2018,28,51
2018,29,0
2018,29,1
2018,29,2
2018,29,3
2018,29,4
2018,29,5
2018,29,6
2018,29,7
2018,29,8
2018,29,9
2018,29,10
2018,29,11
2018,29,12
2018,29,13
2018,29,14
2018,29,15
2018,29,16
2018,29,17
2018,29,18
2018,29,19
2018,29,20
2018,29,21
2018,29,22
2018,29,23
2018,29,24
2018,29,25
2018,29,26
2018,29,27
2018,29,28
2018,29,29
2018,29,30
2018,29,31
2018,29,32
2018,29,33
2018,29,34
2018,29,35
2018,29,36
2018,29,37
2018,29,38
2018,29,39
2018,29,40
2018,29,41
2018,29,42
2018,29,43
2018,29,44
2018,29,45
2018,29,46
2018,29,47
2018,29,48
2018,29,49
2018,29,50
2018,29,51
2018,29,52
2018,29,53
2018,29,54
2018,29,55
2018,29,56
2018,29,57
2018,29,58
2018,29,59
2018,29,60
2018,29,61
2018,29,62
2018,29,63
2018,29,64
2018,29,65
2018,29,66
2018,29,67
2018,29,68
2018,29,69
2018,29,70
2018,29,71
2018,29,72
2018,29,73
2018,29,74
2018,29,75
2018,29,76
2018,29,77
2018,29,78
2018,29,79
2018,29,80
2018,29,81
2018,29,82
2018,29,83
2018,29,84
2018,29,85
2018,29,86
2018,29,87
2018,29,88
2018,29,89
2018,29,90
2018,29,91
2018,29,92
2018,29,93
2018,29,94
2018,29,95
2018,29,96
2018,29,97
2018,29,98
2018,29,99
2018,29,100
2018,29,101
2018,29,102
2018,29,103
2018,29,104
2018,29,105
2018,29,106
2018,29,107
2018,29,108
2018,29,109
2018,29,110
2018,29,111
2018,29,112
2018,29,113
2018,29,114
2018,29,115
2018,29,116
2018,29,117
2018,29,118
2018,29,119
2018,29,120
2018,29,121
2018,29,122
2018,29,123
2018,29,124
2018,29,125
2018,29,126
2018,29,127
2018,29,128
2018,29,129
2018,29,130
2018,29,131
2018,29,132
2018,29,133
2018,29,134
2018,29,135
2018,29,136
2018,29,137
2018,29,138
2018,29,139
2018,29,140
2018,29,141
2018,30,0
2018,30,1
2018,30,2
2018,30,3
2018,30,4
2018,30,5
2018,30,6
2018,30,7
2018,30,8
2018,30,9
2018,30,10
2018,30,11
2018,30,12
2018,30,13
2018,30,14
2018,30,15
2018,30,16
2018,30,17
2018,30,18
2018,30,19
2018,30,20
2018,30,21
2018,30,22
2018,30,23
2018,30,24
2018,30,25
2018,30,26
2018,30,27
2018,30,28
2018,30,29
2018,30,30
2018,30,31
2018,30,32
2018,30,33
2018,30,34
2018,30,35
2018,30,36
2018,30,37
2018,30,38
2018,30,39
2018,30,40
2018,30,41
2018,30,42
2018,30,43
2018,30,44
2018,30,45
2018,30,46
2018,30,47
2018,30,48
2018,30,49
2018,30,50
2018,30,51
2018,30,52
2018,30,53
2018,30,54
2018,30,55
2018,30,56
2018,30,57
2018,30,58
2018,30,59
2018,30,60
2018,30,61
2018,30,62
2018,30,63
2018,30,64
2018,30,65
2018,30,66
2018,30,67
2018,30,68
2018,30,69
2018,30,70
2018,30,71
2018,30,72
2018,30,73
2018,31,0
2018,31,1
2018,31,2
2018,31,3
2018,31,4
2018,31,5
2018,31,6
2018,31,7
2018,31,8
2018,31,9
2018,31,10
2018,31,11
2018,31,12
2018,31,13
2018,31,14
2018,31,15
2018,31,16
2018,31,17
2018,31,18
2018,31,19
2018,31,20
2018,31,21
2018,31,22
2018,31,23
2018,31,24
2018,31,25
2018,31,26
2018,31,27
2018,31,28
2018,31,29
2018,31,30
2018,31,31
2018,31,32
2018,31,33
2018,31,34
2018,31,35
2018,31,36
2018,31,37
2018,31,38
2018,31,39
2018,31,40
2018,31,41
2018,31,42
2018,31,43
2018,31,44
2018,31,45
2018,31,46
2018,31,47
2018,31,48
2018,31,49
2018,31,50
2018,31,51
2018,31,52
2018,31,53
2018,31,54
2018,31,55
2018,31,56
2018,31,57
2018,31,58
2018,31,59
2018,31,60
2018,31,61
2018,31,62
2018,31,63
2018,31,64
2018,31,65
2018,31,66
2018,31,67
2018,31,68
2018,32,0
2018,32,1
2018,32,2
2018,32,3
2018,32,4
2018,32,5
2018,32,6
2018,32,7
2018,32,8
2018,32,9
2018,32,10
2018,32,11
2018,32,12
2018,32,13
2018,32,14
2018,32,15
2018,32,16
2018,32,17
2018,32,18
2018,32,19
2018,32,20
2018,32,21
2018,32,22
2018,32,23
2018,32,24
2018,32,25
2018,32,26
2018,32,27
2018,32,28
2018,32,29
2018,32,30
2018,32,31
2018,32,32
2018,32,33
2018,32,34
2018,32,35
2018,32,36
2018,32,37
2018,32,38
2018,32,39
2018,32,40
2018,32,41
2018,32,42
2018,32,43
2018,32,44
2018,32,45
2018,32,46
2018,32,47
2018,32,48
2018,32,49
2018,32,50
2018,32,51
2018,32,52
2018,32,53
2018,32,54
2018,32,55
2018,32,56
2018,32,57
2018,32,58
2018,32,59
2018,32,60
2018,32,61
2018,32,62
2018,32,63
2018,32,64
2018,32,65
2018,32,66
2018,32,67
2018,32,68
2018,32,69
2018,32,70
2018,32,71
2018,32,72
2018,32,73
2018,32,74
2018,32,75
2018,32,76
2018,32,77
2018,32,78
2018,32,79
2018,32,80
2018,32,81
2018,32,82
2018,32,83
2018,32,84
2018,32,85
2018,32,86
2018,32,87
2018,32,88
2018,32,89
2018,32,90
2018,32,91
2018,32,92
2018,32,93
2018,32,94
2018,32,95
2018,32,96
2018,32,97
2018,32,98
2018,32,99
2018,32,100
2018,32,101
2018,32,102
2018,32,103
2018,32,104
2018,32,105
2018,32,106
2018,32,107
2018,32,108
2018,32,109
2018,32,110
2018,32,111
2018,32,112
2018,32,113
2018,32,114
2018,32,115
2018,32,116
2018,32,117
2018,32,118
2018,32,119
2018,32,120
2018,32,121
2018,32,122
2018,32,123
2018,32,124
2018,32,125
2018,32,126
2018,32,127
2018,32,128
2018,32,129
2018,32,130
2018,32,131
2018,32,132
2018,32,133
2018,32,134
2018,32,135
2018,32,136
2018,32,137
2018,32,138
2018,32,139
2018,32,140
2018,32,141
2018,32,142
2018,32,143
2018,32,144
2018,32,145
2018,32,146
2018,32,147
2018,32,148
2018,32,149
2018,32,150
2018,32,151
2018,32,152
2018,32,153
2018,32,154
2018,32,155
2018,32,156
2018,32,157
2018,32,158
2018,32,159
2018,32,160
2018,32,161
2018,32,162
2018,32,163
2018,32,164
2018,32,165
2018,32,166
2018,32,167
2018,32,168
2018,32,169
2018,32,170
2018,32,171
2018,32,172
2018,32,173
2018,32,174
2018,32,175
2018,32,176
2018,32,177
2018,32,178
2018,32,179
2018,32,180
2018,32,181
2018,32,182
2018,32,183
2018,32,184
2018,32,185
2018,32,186
2018,32,187
2018,32,188
2018,32,189
2018,32,190
2018,32,191
2018,32,192
2018,32,193
2018,32,194
2018,32,195
2018,32,196
2018,32,197
2018,32,198
2018,32,199
2018,32,200
2018,32,201
2018,32,202
2018,32,203
2018,32,204
2018,32,205
2018,32,206
2018,32,207
2018,32,208
2018,32,209
2018,32,210
2018,32,211
2018,32,212
2018,32,213
2018,32,214
2018,32,215
2018,32,216
2018,32,217
2018,32,218
2018,32,219
2018,32,220
2018,32,221
2018,32,222
2018,32,223
2018,32,224
2018,32,225
2018,32,226
2018,32,227
2018,32,228
2018,32,229
2018,32,230
2018,32,231
2018,32,232
2018,32,233
2018,32,234
2018,32,235
2018,32,236
2018,32,237
2018,32,238
2018,32,239
2018,32,240
2018,32,241
2018,32,242
2018,32,243
2018,32,244
2018,32,245
2018,32,246
2018,32,247
2018,32,248
2018,32,249
2018,32,250
2018,32,251
2018,32,252
2018,32,253
2018,32,254
2018,32,255
2018,32,256
2018,32,257
2018,32,258
2018,32,259
2018,32,260
2018,32,261
2018,32,262
2018,32,263
2018,32,264
2018,32,265
2018,32,266
2018,32,267
2018,32,268
2018,32,269
2018,32,270
2018,32,271
2018,32,272
2018,32,273
2018,32,274
2018,32,275
2018,32,276
2018,32,277
2018,32,278
2018,32,279
2018,32,280
2018,32,281
2018,32,282
2018,32,283
2018,32,284
2018,32,285
2018,32,286
2018,32,287
2018,32,288
2018,32,289
2018,32,290
2018,32,291
2018,32,292
2018,32,293
2018,32,294
2018,32,295
2018,32,296
2018,32,297
2018,32,298
2018,32,299
2018,32,300
2018,32,301
2018,32,302
2018,32,303
2018,32,304
2018,32,305
2018,32,306
2018,32,307
2018,32,308
2018,32,309
2018,32,310
2018,32,311
2018,32,312
2018,32,313
2018,32,314
2018,32,315
2018,32,316
2018,32,317
2018,32,318
2018,33,0
2018,33,1
2018,33,2
2018,33,3
2018,33,4
2018,33,5
2018,33,6
2018,33,7
2018,33,8
2018,33,9
2018,33,10
2018,33,11
2018,33,12
2018,33,13
2018,33,14
2018,33,15
2018,33,16
2018,33,17
2018,33,18
2018,33,19
2018,33,20
2018,33,21
2018,33,22
2018,33,23
2018,33,24
2018,33,25
2018,33,26
2018,33,27
2018,33,28
2018,33,29
2018,33,30
2018,33,31
2018,33,32
2018,33,33
2018,33,34
2018,33,35
2018,33,36
2018,33,37
2018,33,38
2018,33,39
2018,33,40
2018,33,41
2018,33,42
2018,33,43
2018,33,44
2018,33,45
2018,33,46
2018,33,47
2018,33,48
2018,33,49
2018,33,50
2018,33,51
2018,33,52
2018,33,53
2018,33,54
2018,33,55
2018,33,56
2018,33,57
2018,33,58
2018,33,59
2018,33,60
2018,33,61
2018,33,62
2018,33,63
2018,33,64
2018,33,65
2018,33,66
2018,33,67
2018,33,68
2018,33,69
2018,33,70
2018,33,71
2018,33,72
2018,33,73
2018,33,74
2018,33,75
2018,33,76
2018,33,77
2018,33,78
2018,33,79
2018,33,80
2018,33,81
2018,33,82
2018,33,83
2018,33,84
2018,33,85
2018,33,86
2018,33,87
2018,33,88
2018,33,89
2018,33,90
2018,33,91
2018,33,92
2018,33,93
2018,33,94
2018,33,95
2018,33,96
2018,33,97
2018,33,98
2018,33,99
2018,33,100
2018,33,101
2018,33,102
2018,33,103
2018,33,104
2018,33,105
2018,33,106
2018,33,107
2018,33,108
2018,33,109
2018,33,110
2018,33,111
2018,33,112
2018,33,113
2018,33,114
2018,33,115
2018,33,116
2018,33,117
2018,33,118
2018,33,119
2018,33,120
2018,33,121
2018,33,122
2018,33,123
2018,33,124
2018,33,125
2018,33,126
2018,33,127
2018,33,128
2018,33,129
2018,33,130
2018,33,131
2018,33,132
2018,33,133
2018,33,134
2018,33,135
2018,33,136
2018,33,137
2018,33,138
2018,33,139
2018,33,140
2018,33,141
2018,33,142
2018,33,143
2018,33,144
2018,33,145
2018,33,146
2018,33,147
2018,33,148
2018,33,149
2018,33,150
2018,33,151
2018,33,152
2018,33,153
2018,33,154
2018,33,155
2018,33,156
2018,33,157
2018,33,158
2018,33,159
2018,33,160
2018,33,161
2018,33,162
2018,33,163
2018,33,164
2018,33,165
2018,33,166
2018,33,167
2018,33,168
2018,33,169
2018,33,170
2018,33,171
2018,33,172
2018,33,173
2018,33,174
2018,33,175
2018,33,176
2018,33,177
2018,33,178
2018,33,179
2018,33,180
2018,33,181
2018,33,182
2018,33,183
2018,33,184
2018,33,185
2018,33,186
2018,33,187
2018,33,188
2018,33,189
2018,33,190
2018,33,191
2018,33,192
2018,33,193
2018,33,194
2018,33,195
2018,33,196
2018,33,197
2018,33,198
2018,33,199
2018,33,200
2018,33,201
2018,33,202
2018,33,203
2018,33,204
2018,33,205
2018,33,206
2018,33,207
2018,33,208
2018,33,209
2018,33,210
2018,33,211
2018,33,212
2018,33,213
2018,33,214
2018,33,215
2018,33,216
2018,33,217
2018,33,218
2018,33,219
2018,33,220
2018,33,221
2018,33,222
2018,33,223
2018,33,224
2018,33,225
2018,33,226
2018,33,227
2018,33,228
2018,33,229
2018,33,230
2018,33,231
2018,33,232
2018,33,233
2018,33,234
2018,33,235
2018,33,236
2018,33,237
2018,33,238
2018,33,239
2018,33,240
2018,33,241
2018,33,242
2018,33,243
2018,33,244
2018,33,245
2018,33,246
2018,33,247
2018,33,248
2018,33,249
2018,33,250
2018,33,251
2018,33,252
2018,33,253
2018,33,254
2018,33,255
2018,33,256
2018,33,257
2018,33,258
2018,33,259
2018,33,260
2018,33,261
2018,33,262
2018,33,263
2018,33,264
2018,33,265
2018,33,266
2018,33,267
2018,33,268
2018,33,269
2018,33,270
2018,33,271
2018,33,272
2018,33,273
2018,33,274
2018,33,275
2018,33,276
2018,33,277
2018,33,278
2018,33,279
2018,33,280
2018,33,281
2018,34,0
2018,34,1
2018,34,2
2018,34,3
2018,34,4
2018,34,5
2018,34,6
2018,34,7
2018,34,8
2018,34,9
2018,34,10
2018,34,11
2018,34,12
2018,34,13
2018,34,14
2018,34,15
2018,34,16
2018,34,17
2018,34,18
2018,34,19
2018,34,20
2018,34,21
2018,34,22
2018,34,23
2018,34,24
2018,34,25
2018,34,26
2018,34,27
2018,34,28
2018,34,29
2018,34,30
2018,34,31
2018,34,32
2018,34,33
2018,34,34
2018,34,35
2018,34,36
2018,34,37
2018,34,38
2018,34,39
2018,34,40
2018,34,41
2018,34,42
2018,34,43
2018,34,44
2018,34,45
2018,34,46
2018,34,47
2018,34,48
2018,34,49
2018,34,50
2018,34,51
2018,34,52
2018,34,53
2018,34,54
2018,34,55
2018,34,56
2018,34,57
2018,34,58
2018,34,59
2018,34,60
2018,34,61
2018,34,62
2018,34,63
2018,34,64
2018,34,65
2018,34,66
2018,34,67
2018,34,68
2018,34,69
2018,34,70
2018,34,71
2018,34,72
2018,34,73
2018,34,74
2018,34,75
2018,34,76
2018,34,77
2018,34,78
2018,34,79
2018,34,80
2018,34,81
2018,34,82
2018,34,83
2018,34,84
2018,34,85
2018,34,86
2018,34,87
2018,34,88
2018,34,89
2018,34,90
2018,34,91
2018,34,92
2018,34,93
2018,34,94
2018,34,95
2018,34,96
2018,34,97
2018,34,98
2018,34,99
2018,34,100
2018,34,101
2018,34,102
2018,34,103
2018,34,104
2018,34,105
2018,34,106
2018,34,107
2018,34,108
2018,34,109
2018,34,110
2018,34,111
2018,34,112
2018,34,113
2018,34,114
2018,34,115
2018,34,116
2018,34,117
2018,34,118
2018,34,119
2018,34,120
2018,34,121
2018,34,122
2018,34,123
2018,34,124
2018,34,125
2018,34,126
2018,34,127
2018,34,128
2018,34,129
2018,34,130
2018,34,131
2018,34,132
2018,34,133
2018,34,134
2018,34,135
2018,34,136
2018,34,137
2018,34,138
2018,34,139
2018,34,140
2018,34,141
2018,34,142
2018,34,143
2018,34,144
2018,34,145
2018,34,146
2018,34,147
2018,35,0
2018,35,1
2018,35,2
2018,35,3
2018,35,4
2018,35,5
2018,35,6
2018,35,7
2018,35,8
2018,35,9
2018,35,10
2018,35,11
2018,35,12
2018,35,13
2018,35,14
2018,35,15
2018,35,16
2018,35,17
2018,35,18
2018,35,19
2018,35,20
2018,35,21
2018,35,22
2018,35,23
2018,35,24
2018,35,25
2018,35,26
2018,35,27
2018,35,28
2018,35,29
2018,35,30
2018,35,31
2018,35,32
2018,35,33
2018,35,34
2018,35,35
2018,35,36
2018,35,37
2018,35,38
2018,35,39
2018,35,40
2018,35,41
2018,35,42
2018,35,43
2018,35,44
2018,35,45
2018,35,46
2018,35,47
2018,35,48
2018,35,49
2018,35,50
2018,35,51
2018,35,52
2018,35,53
2018,35,54
2018,35,55
2018,35,56
2018,35,57
2018,35,58
2018,35,59
2018,35,60
2018,35,61
2018,35,62
2018,35,63
2018,35,64
2018,35,65
2018,35,66
2018,35,67
2018,35,68
2018,35,69
2018,35,70
2018,35,71
2018,35,72
2018,35,73
2018,35,74
2018,35,75
2018,35,76
2018,35,77
2018,35,78
2018,35,79
2018,35,80
2018,35,81
2018,35,82
2018,35,83
2018,35,84
2018,35,85
2018,35,86
2018,35,87
2018,35,88
2018,35,89
2018,35,90
2018,35,91
2018,35,92
2018,35,93
2018,35,94
2018,35,95
2018,35,96
2018,35,97
2018,35,98
2018,35,99
2018,35,100
2018,35,101
2018,35,102
2018,35,103
2018,35,104
2018,35,105
2018,35,106
2018,35,107
2018,35,108
2018,35,109
2018,35,110
2018,35,111
2018,35,112
2018,35,113
2018,35,114
2018,35,115
2018,35,116
2018,35,117
2018,35,118
2018,35,119
2018,35,120
2018,35,121
2018,35,122
2018,35,123
2018,35,124
2018,35,125
2018,35,126
2018,35,127
2018,35,128
2018,35,129
2018,35,130
2018,35,131
2018,35,132
2018,35,133
2018,35,134
2018,35,135
2018,36,0
2018,36,1
2018,36,2
2018,36,3
2018,36,4
2018,36,5
2018,36,6
2018,36,7
2018,36,8
2018,36,9
2018,36,10
2018,36,11
2018,36,12
2018,36,13
2018,36,14
2018,36,15
2018,36,16
2018,36,17
2018,36,18
2018,36,19
2018,36,20
2018,36,21
2018,36,22
2018,36,23
2018,36,24
2018,36,25
2018,36,26
2018,36,27
2018,36,28
2018,36,29
2018,36,30
2018,36,31
2018,36,32
2018,36,33
2018,36,34
2018,36,35
2018,36,36
2018,36,37
2018,36,38
2018,36,39
2018,36,40
2018,36,41
2018,36,42
2018,36,43
2018,36,44
2018,36,45
2018,36,46
2018,36,47
2018,36,48
2018,36,49
2018,36,50
2018,36,51
2018,36,52
2018,36,53
2018,36,54
2018,36,55
2018,36,56
2018,36,57
2018,36,58
2018,36,59
2018,36,60
2018,36,61
2018,36,62
2018,36,63
2018,36,64
2018,36,65
2018,36,66
2018,36,67
2018,36,68
2018,36,69
2018,36,70
2018,36,71
2018,36,72
2018,36,73
2018,36,74
2018,36,75
2018,36,76
2018,36,77
2018,36,78
2018,36,79
2018,36,80
2018,36,81
2018,36,82
2018,36,83
2018,36,84
2018,36,85
2018,36,86
2018,36,87
2018,36,88
2018,36,89
2018,36,90
2018,36,91
2018,36,92
2018,36,93
2018,36,94
2018,36,95
2018,36,96
2018,36,97
2018,36,98
2018,36,99
2018,36,100
2018,36,101
2018,36,102
2018,36,103
2018,36,104
2018,36,105
2018,36,106
2018,36,107
2018,36,108
2018,36,109
2018,36,110
2018,36,111
2018,36,112
2018,36,113
2018,36,114
2018,36,115
2018,36,116
2018,36,117
2018,36,118
2018,36,119
2018,36,120
2018,36,121
2018,36,122
2018,36,123
2018,36,124
2018,36,125
2018,36,126
2018,36,127
2018,36,128
2018,36,129
2018,36,130
2018,36,131
2018,36,132
2018,36,133
2018,36,134
2018,36,135
2018,36,136
2018,36,137
2018,36,138
2018,36,139
2018,36,140
2018,36,141
2018,36,142
2018,36,143
2018,36,144
2018,36,145
2018,36,146
2018,36,147
2018,36,148
2018,36,149
2018,36,150
2018,36,151
2018,36,152
2018,36,153
2018,36,154
2018,36,155
2018,36,156
2018,36,157
2018,36,158
2018,36,159
2018,36,160
2018,36,161
2018,36,162
2018,36,163
2018,36,164
2018,36,165
2018,36,166
2018,36,167
2018,36,168
2018,36,169
2018,36,170
2018,36,171
2018,36,172
2018,36,173
2018,36,174
2018,36,175
2018,36,176
2018,36,177
2018,36,178
2018,36,179
2018,36,180
2018,36,181
2018,36,182
2018,36,183
2018,36,184
2018,36,185
2018,36,186
2018,36,187
2018,36,188
2018,36,189
2018,36,190
2018,36,191
2018,36,192
2018,36,193
2018,36,194
2018,36,195
2018,36,196
2018,36,197
2018,36,198
2018,36,199
2018,36,200
2018,36,201
2018,36,202
2018,36,203
2018,36,204
2018,36,205
2018,36,206
2018,36,207
2018,36,208
2018,36,209
2018,36,210
2018,36,211
2018,36,212
2018,36,213
2018,36,214
2018,36,215
2018,36,216
2018,36,217
2018,36,218
2018,36,219
2018,36,220
2018,36,221
2018,36,222
2018,36,223
2018,36,224
2018,36,225
2018,36,226
2018,36,227
2018,36,228
2018,36,229
2018,36,230
2018,36,231
2018,36,232
2018,36,233
2018,36,234
2018,36,235
2018,36,236
2018,36,237
2018,36,238
2018,36,239
2018,36,240
2018,36,241
2018,36,242
2018,36,243
2018,36,244
2018,36,245
2018,36,246
2018,36,247
2018,36,248
2018,36,249
2018,36,250
2018,36,251
2018,36,252
2018,36,253
2018,36,254
2018,36,255
2018,36,256
2018,36,257
2018,36,258
2018,36,259
2018,36,260
2018,36,261
2018,36,262
2018,36,263
2018,36,264
2018,36,265
2018,36,266
2018,36,267
2018,36,268
2018,36,269
2018,36,270
2018,36,271
2018,36,272
2018,36,273
2018,36,274
2018,36,275
2018,36,276
2018,36,277
2018,36,278
2018,36,279
2018,36,280
2018,36,281
2018,36,282
2018,36,283
2018,36,284
2018,36,285
2018,36,286
2018,36,287
2018,36,288
2018,36,289
2018,36,290
2018,36,291
2018,36,292
2018,36,293
2018,36,294
2018,36,295
2018,36,296
2018,36,297
2018,36,298
2018,36,299
2018,36,300
2018,36,301
2018,36,302
2018,36,303
2018,36,304
2018,36,305
2018,36,306
2018,36,307
2018,36,308
2018,36,309
2018,36,310
2018,36,311
2018,36,312
2018,36,313
2018,36,314
2018,36,315
2018,36,316
2018,36,317
2018,36,318
2018,36,319
2018,36,320
2018,36,321
2018,36,322
2018,36,323
2018,36,324
2018,36,325
2018,36,326
2018,36,327
2018,36,328
2018,36,329
2018,36,330
2018,36,331
2018,36,332
2018,36,333
2018,36,334
2018,36,335
2018,36,336
2018,36,337
2018,36,338
2018,36,339
2018,36,340
2018,36,341
2018,36,342
2018,36,343
2018,36,344
2018,36,345
2018,36,346
2018,36,347
2018,36,348
2018,36,349
2018,36,350
2018,36,351
2018,36,352
2018,36,353
2018,36,354
2018,36,355
2018,36,356
2018,36,357
2018,36,358
2018,36,359
2018,36,360
2018,36,361
2018,36,362
2018,36,363
2018,36,364
2018,36,365
2018,36,366
2018,36,367
2018,36,368
2018,36,369
2018,36,370
2018,36,371
2018,36,372
2018,36,373
2018,36,374
2018,36,375
2018,36,376
2018,36,377
2018,36,378
2018,36,379
2018,36,380
2018,36,381
2018,36,382
2018,36,383
2018,36,384
2018,36,385
2018,36,386
2018,36,387
2018,36,388
2018,36,389
2018,36,390
2018,36,391
2018,36,392
2018,36,393
2018,36,394
2018,36,395
2018,36,396
2018,36,397
2018,36,398
2018,36,399
2018,36,400
2018,36,401
2018,36,402
2018,36,403
2018,36,404
2018,36,405
2018,36,406
2018,36,407
2018,36,408
2018,36,409
2018,36,410
2018,36,411
2018,36,412
2018,36,413
2018,36,414
2018,36,415
2018,36,416
2018,36,417
2018,36,418
2018,36,419
2018,36,420
2018,36,421
2018,36,422
2018,36,423
2018,36,424
2018,36,425
2018,36,426
2018,36,427
2018,36,428
2018,36,429
2018,36,430
2018,36,431
2018,36,432
2018,36,433
2018,36,434
2018,36,435
2018,36,436
2018,36,437
2018,36,438
2018,36,439
2018,36,440
2018,36,441
2018,36,442
2018,36,443
2018,36,444
2018,36,445
2018,36,446
2018,36,447
2018,36,448
2018,36,449
2018,36,450
2018,36,451
2018,36,452
2018,36,453
2018,36,454
2018,36,455
2018,36,456
2018,36,457
2018,36,458
2018,36,459
2018,36,460
2018,36,461
2018,36,462
2018,36,463
2018,36,464
2018,36,465
2018,36,466
2018,36,467
2018,36,468
2018,36,469
2018,36,470
2018,36,471
2018,36,472
2018,36,473
2018,36,474
2018,36,475
2018,36,476
2018,36,477
2018,36,478
2018,36,479
2018,36,480
2018,36,481
2018,36,482
2018,36,483
2018,36,484
2018,36,485
2018,36,486
2018,36,487
2018,36,488
2018,36,489
2018,36,490
2018,36,491
2018,36,492
2018,36,493
2018,36,494
2018,36,495
2018,36,496
2018,36,497
2018,36,498
2018,36,499
2018,36,500
2018,36,501
2018,36,502
2018,36,503
2018,36,504
2018,36,505
2018,36,506
2018,36,507
2018,36,508
2018,36,509
2018,36,510
2018,36,511
2018,36,512
2018,36,513
2018,36,514
2018,36,515
2018,36,516
2018,36,517
2018,36,518
2018,36,519
2018,36,520
2018,36,521
2018,36,522
2018,36,523
2018,36,524
2018,36,525
2018,36,526
2018,36,527
2018,36,528
2018,36,529
2018,36,530
2018,36,531
2018,36,532
2018,36,533
2018,36,534
2018,36,535
2018,36,536
2018,36,537
2018,36,538
2018,36,539
2018,36,540
2018,36,541
2018,36,542
2018,36,543
2018,36,544
2018,36,545
2018,36,546
2018,36,547
2018,36,548
2018,36,549
2018,36,550
2018,36,551
2018,36,552
2018,36,553
2018,36,554
2018,36,555
2018,36,556
2018,36,557
2018,36,558
2018,36,559
2018,36,560
2018,36,561
2018,36,562
2018,36,563
2018,36,564
2018,36,565
2018,36,566
2018,36,567
2018,36,568
2018,36,569
2018,36,570
2018,36,571
2018,36,572
2018,36,573
2018,36,574
2018,36,575
2018,36,576
2018,36,577
2018,36,578
2018,36,579
2018,36,580
2018,36,581
2018,36,582
2018,36,583
2018,36,584
2018,36,585
2018,36,586
2018,36,587
2018,36,588
2018,36,589
2018,36,590
2018,36,591
2018,36,592
2018,36,593
2018,36,594
2018,36,595
2018,36,596
2018,36,597
2018,36,598
2018,36,599
2018,36,600
2018,36,601
2018,36,602
2018,36,603
2018,36,604
2018,36,605
2018,36,606
2018,36,607
2018,36,608
2018,36,609
2018,36,610
2018,36,611
2018,36,612
2018,36,613
2018,36,614
2018,36,615
2018,36,616
2018,36,617
2018,36,618
2018,36,619
2018,36,620
2018,36,621
2018,36,622
2018,36,623
2018,36,624
2018,36,625
2018,36,626
2018,36,627
2018,36,628
2018,36,629
2018,36,630
2018,36,631
2018,36,632
2018,36,633
2018,37,0
2018,37,1
2018,37,2
2018,37,3
2018,37,4
2018,37,5
2018,37,6
2018,37,7
2018,37,8
2018,37,9
2018,37,10
2018,37,11
2018,37,12
2018,37,13
2018,38,0
2018,38,1
2018,39,0
2018,39,1
2018,39,2
2018,39,3
2018,40,0
2018,41,0
2018,41,1
2018,42,0
2018,42,1
2018,42,2
2018,42,3
2018,42,4
2018,42,5
2018,42,6
2018,42,7
2018,42,8
2018,42,9
2018,42,10
2018,42,11
2018,43,0
2018,43,1
2018,43,2
2018,43,3
2018,43,4
2018,43,5
2018,44,0
2018,44,1
2018,45,0
2018,45,1
2018,45,2
2018,45,3
2018,45,4
2018,45,5
2018,45,6
2018,45,7
2018,45,8
2018,45,9
2018,45,10
2018,45,11
2018,45,12
2018,46,0
2018,47,0
2018,48,0
2018,49,0
2018,50,0
2018,51,0
2018,52,0
2018,53,0
2018,54,0
2018,55,0
2018,56,0
2018,56,1
2018,56,2
2018,56,3
2018,56,4
2018,56,5
2018,56,6
2018,56,7
2018,56,8
2018,56,9
2018,56,10
2018,56,11
2018,56,12
2018,56,13
2018,56,14
2018,56,15
2018,56,16
2018,57,0
2018,57,1
2018,57,2
2018,57,3
2018,57,4
2018,57,5
2018,57,6
2018,57,7
2018,57,8
2018,57,9
2018,57,10
2018,57,11
2018,57,12
2018,57,13
2018,57,14
2018,57,15
2018,57,16
2018,57,17
