2016preVFP,0
2016preVFP,1
2016preVFP,2
2016preVFP,3
2016preVFP,4
2016preVFP,5
2016preVFP,6
2016preVFP,7
2016preVFP,8
2016preVFP,9
2016preVFP,10
2016preVFP,11
2016preVFP,12
2016preVFP,13
2016preVFP,14
2016preVFP,15
2016preVFP,16
2016preVFP,17
2016preVFP,18
2016preVFP,19
2016preVFP,20
2016preVFP,21
2016preVFP,22
2016preVFP,23
2016preVFP,24
2016preVFP,25
2016preVFP,26
2016preVFP,27
2016preVFP,28
2016preVFP,29
2016preVFP,30
2016preVFP,31
2016preVFP,32
2016preVFP,33
2016preVFP,34
2016preVFP,35
2016preVFP,36
2016preVFP,37
2016preVFP,38
2016preVFP,39
2016preVFP,40
2016preVFP,41
2016preVFP,42
2016preVFP,43
2016preVFP,44
2016preVFP,45
2016preVFP,46
2016preVFP,47
2016preVFP,48
2016preVFP,49
2016preVFP,50
2016preVFP,51
2016preVFP,52
2016preVFP,53
2016preVFP,54
2016preVFP,55
2016preVFP,56
2016preVFP,57
2016preVFP,58
2016preVFP,59
2016preVFP,60
2016preVFP,61
2016postVFP,0
2016postVFP,1
2016postVFP,2
2016postVFP,3
2016postVFP,4
2016postVFP,5
2016postVFP,6
2016postVFP,7
2016postVFP,8
2016postVFP,9
2016postVFP,10
2016postVFP,11
2016postVFP,12
2016postVFP,13
2016postVFP,14
2016postVFP,15
2016postVFP,16
2016postVFP,17
2016postVFP,18
2016postVFP,19
2016postVFP,20
2016postVFP,21
2016postVFP,22
2016postVFP,23
2016postVFP,24
2016postVFP,25
2016postVFP,26
2016postVFP,27
2016postVFP,28
2016postVFP,29
2016postVFP,30
2016postVFP,31
2016postVFP,32
2016postVFP,33
2016postVFP,34
2016postVFP,35
2016postVFP,36
2016postVFP,37
2016postVFP,38
2016postVFP,39
2016postVFP,40
2016postVFP,41
2016postVFP,42
2016postVFP,43
2016postVFP,44
2016postVFP,45
2016postVFP,46
2016postVFP,47
2016postVFP,48
2016postVFP,49
2016postVFP,50
2016postVFP,51
2016postVFP,52
2016postVFP,53
2016postVFP,54
2016postVFP,55
2016postVFP,56
2016postVFP,57
2017,0
2017,1
2017,2
2017,3
2017,4
2017,5
2017,6
2017,7
2017,8
2017,9
2017,10
2017,11
2017,12
2017,13
2017,14
2017,15
2017,16
2017,17
2017,18
2017,19
2017,20
2017,21
2017,22
2017,23
2017,24
2017,25
2017,26
2017,27
2017,28
2017,29
2017,30
2017,31
2017,32
2017,33
2017,34
2017,35
2017,36
2017,37
2017,38
2017,39
2017,40
2017,41
2017,42
2017,43
2017,44
2017,45
2017,46
2017,47
2017,48
2017,49
2017,50
2017,51
2017,52
2017,53
2017,54
2017,55
2017,56
2017,57
2017,58
2017,59
2017,60
2017,61
2018,0
2018,1
2018,2
2018,3
2018,4
2018,5
2018,6
2018,7
2018,8
2018,9
2018,10
2018,11
2018,12
2018,13
2018,14
2018,15
2018,16
2018,17
2018,18
2018,19
2018,20
2018,21
2018,22
2018,23
2018,24
2018,25
2018,26
2018,27
2018,28
2018,29
2018,30
2018,31
2018,32
2018,33
2018,34
2018,35
2018,36
2018,37
2018,38
2018,39
2018,40
2018,41
2018,42
2018,43
2018,44
2018,45
2018,46
2018,47
2018,48
2018,49
2018,50
2018,51
2018,52
2018,53
2018,54
2018,55
2018,56
2018,57
