2016preVFP,0
2016preVFP,1
2016preVFP,2
2016preVFP,3
2016preVFP,4
2016preVFP,5
2016preVFP,6
2016preVFP,7
2016preVFP,8
2016preVFP,9
2016preVFP,10
2016preVFP,11
2016preVFP,12
2016preVFP,13
2016preVFP,14
2016preVFP,15
2016preVFP,16
2016preVFP,17
2016preVFP,18
2016preVFP,19
2016preVFP,20
2016preVFP,21
2016preVFP,22
2016preVFP,23
2016preVFP,24
2016preVFP,25
2016preVFP,26
2016preVFP,27
2016preVFP,28
2016preVFP,29
2016preVFP,30
2016preVFP,31
2016postVFP,0
2016postVFP,1
2016postVFP,2
2016postVFP,3
2016postVFP,4
2016postVFP,5
2016postVFP,6
2016postVFP,7
2016postVFP,8
2016postVFP,9
2016postVFP,10
2016postVFP,11
2016postVFP,12
2016postVFP,13
2016postVFP,14
2016postVFP,15
2016postVFP,16
2016postVFP,17
2016postVFP,18
2016postVFP,19
2016postVFP,20
2016postVFP,21
2016postVFP,22
2016postVFP,23
2016postVFP,24
2016postVFP,25
2016postVFP,26
2016postVFP,27
2016postVFP,28
2016postVFP,29
2016postVFP,30
2016postVFP,31
2017,0
2017,1
2017,2
2017,3
2017,4
2017,5
2017,6
2017,7
2017,8
2017,9
2017,10
2017,11
2017,12
2017,13
2017,14
2017,15
2017,16
2017,17
2017,18
2017,19
2017,20
2017,21
2017,22
2017,23
2017,24
2017,25
2017,26
2017,27
2017,28
2017,29
2017,30
2017,31
2018,0
2018,1
2018,2
2018,3
2018,4
2018,5
2018,6
2018,7
2018,8
2018,9
2018,10
2018,11
2018,12
2018,13
2018,14
2018,15
2018,16
2018,17
2018,18
2018,19
2018,20
2018,21
2018,22
2018,23
2018,24
2018,25
2018,26
2018,27
2018,28
2018,29
2018,30
2018,31
Run2,0
Run2,1
Run2,2
Run2,3
Run2,4
Run2,5
Run2,6
Run2,7
Run2,8
Run2,9
Run2,10
Run2,11
Run2,12
Run2,13
Run2,14
Run2,15
Run2,16
Run2,17
Run2,18
Run2,19
Run2,20
Run2,21
Run2,22
Run2,23
Run2,24
Run2,25
Run2,26
Run2,27
Run2,28
Run2,29
Run2,30
Run2,31
